5501
5891
9194
9429
4580
3230
7293
3972
6842
1609
5274
4902
2088
950
3772
3540
9112
2028
7026
484
9552
6321
6453
5201
4815
9421
3494
5502
270
6019
3158
640
9261
2115
1592
162
1007
7538
8946
1818
5516
6770
419
1473
4203
3685
2985
4328
5970
2213
5674
190
2210
6439
3060
5479
5866
5509
4076
9696
2400
3826
5768
4246
1615
672
3282
1548
9369
5685
1730
4659
4417
6340
1182
2572
4587
2959
2584
3666
8892
8402
1980
5596
561
8802
4125
9047
7270
3772
755
7000
7341
802
187
5399
5376
4455
227
4624
6156
5844
153
2428
2707
3387
4615
901
8293
7952
7206
7183
8099
6942
2724
4314
5417
3071
5946
7436
5518
9966
7335
5780
5234
4622
874
7729
8444
5989
4808
7338
5478
9210
2740
1376
2799
9090
4492
9478
7604
4419
8717
8601
9779
5047
3549
7843
5701
426
4473
3618
5102
8006
115
6462
5675
3971
8594
8416
9951
2628
7581
4070
6339
5828
1165
2187
6257
7607
5479
9996
1205
3412
9691
4366
2200
1880
3140
7172
8817
1934
628
8101
7729
2082
468
5379
4946
6572
1469
6942
3589
9905
9358
2607
8750
3501
9154
2314
2629
5445
9476
4867
243
5936
1307
873
2814
2413
8565
201
570
6263
2857
8466
8837
2365
6773
9758
8165
4950
3336
3529
7498
5785
6246
2162
5779
8098
4030
9895
6423
2584
9585
8694
7706
2531
9273
471
6288
6562
8331
8606
7531
3410
8579
4980
8756
7091
2131
2861
9488
3500
2720
1772
5113
9414
7841
3563
4303
1534
3565
4736
659
4588
8808
6275
103
552
6881
3587
12
9331
1075
3006
6256
603
6382
471
6715
944
9674
2970
8990
3291
3568
6628
3392
5254
7437
6710
7229
9262
2651
4385
1268
4573
2869
8004
8805
8268
6080
5161
5933
2716
1017
4742
5766
5037
9959
9111
4902
5216
9061
7122
3835
3583
2148
4715
8345
6420
2676
4799
6314
2734
805
100
6312
4279
470
4646
1936
9354
272
6261
4334
1193
936
6898
8760
2437
9128
2161
8065
6159
2466
3281
6372
2962
6648
911
5250
2331
930
4049
9025
9608
3957
2391
506
1477
5765
453
7685
4206
7839
9060
5964
6262
973
5582
691
6094
9775
9792
472
5113
6202
3474
1796
851
9160
5372
757
2873
9588
9129
1534
9755
3561
1030
1861
6485
3822
8348
2752
2598
88
5233
1380
112
6836
9509
4738
9029
8295
4593
5703
8586
1852
4563
5448
2140
6849
1436
8735
6984
6726
9747
1294
3585
8092
987
1062
3123
1006
4280
6684
315
9927
4072
3232
2801
5464
6197
4642
5685
3068
8318
3802
4702
6802
910
6155
5033
5502
4909
2477
3990
1972
2811
6428
6182
9978
5556
4458
1481
4689
6469
3237
6332
6856
3077
3069
9510
9414
2936
7213
4987
8554
8437
2077
2305
8616
5504
4617
1080
9434
1386
3465
302
7753
1165
6725
4712
5055
3628
3691
7972
4243
4767
9511
1250
4440
6501
135
2251
9514
6955
6226
2802
6541
3585
7035
3727
5308
8517
9599
290
3907
5087
1103
6156
9922
6260
1444
6080
6503
2271
5302
8944
5951
3842
95
3452
8561
4483
3866
1516
703
4953
5035
9543
1778
6799
7138
2916
1320
2424
1992
7381
2004
5609
7933
427
1467
2685
1301
5180
367
4410
4951
5225
4610
3897
57
2052
3825
1083
962
4406
3570
1952
9764
2581
3811
3194
1276
876
1993
9158
4801
3229
7674
6307
1342
73
1007
3924
6453
2568
4610
5448
9034
9291
9047
9681
5648
7558
9667
7498
8986
4323
6238
6554
8521
6505
4158
9070
8070
3763
1978
3819
6405
2037
5935
2361
9006
4001
8027
6452
5951
6239
2587
4997
5514
7010
2572
6214
4672
3807
7315
1339
4544
2688
193
6596
7399
4543
3326
3575
6301
3702
3080
6771
816
9002
6545
7640
8936
1439
3834
1291
5904
6494
5464
6605
2021
1195
8154
5380
4693
4075
7533
3930
3390
458
4564
2154
4393
6066
6815
1922
2635
4959
6991
1354
143
7463
362
3259
9610
399
8314
3075
9107
4080
8101
8941
3158
2304
5024
3014
2668
6581
8141
5427
6066
587
6246
567
6588
7966
2733
1034
5773
9323
2730
1867
2285
8313
8104
4814
2942
509
6997
1993
1493
5890
3884
4160
9800
6494
3512
8618
4177
9577
1503
659
7222
8673
4817
7193
539
3872
2036
7691
1663
8599
3702
6227
1783
7131
3686
8605
6401
4997
8391
537
3824
3935
2218
2194
1944
9058
2255
8266
3263
9604
7200
4677
6951
1702
5058
8986
515
3716
2273
993
7837
3469
2159
654
7656
5338
9136
7477
672
4467
7165
5822
1027
6468
5772
2224
19
7782
3776
5683
930
9202
9259
5381
274
4984
6164
7463
1823
1013
8415
4489
6930
6906
7744
6456
5340
5425
3027
6465
1989
2403
6643
373
5815
4140
381
8309
6099
1831
2169
2736
6951
9678
3980
1264
3089
4481
8549
8139
6459
6032
9081
1806
1212
5707
8038
1421
1968
4797
7897
8189
7197
4353
7157
5770
90
196
6601
6669
1701
9602
2115
111
4921
8741
2319
5281
8305
31
5454
2996
9380
320
7965
2764
3589
2922
6828
7896
3040
3690
4720
2517
1716
8841
7358
3817
4152
3816
4732
6309
9253
4801
829
5386
9684
482
7456
4916
8301
5852
9454
2124
5205
5233
7943
1232
5851
9365
736
6422
4198
755
4595
9622
4821
1959
9499
7870
8268
5731
674
2103
1775
5154
385
7774
4357
7522
9627
949
3923
6406
6591
7456
5547
2769
8625
8997
8104
6822
3564
5107
6288
20
1134
955
414
2743
8743
740
8418
6049
7959
5825
4607
271
4860
6614
4311
8208
2493
6065
4398
3192
1630
8508
5009
1338
6472
9367
6266
4123
9004
5498
8218
1866
5485
2672
762
5877
1727
7353
5335
703
1432
1519
2512
3910
7865
7344
6167
5033
2177
1347
3785
8781
1894
1964
9571
1960
3065
5970
6155
2078
7421
9609
8511
8081
9340
6162
7364
9773
1039
6679
8534
4697
3583
4091
