6349
3943
2721
4388
8738
4970
8431
7158
2171
1273
1310
1642
5677
4345
6020
7265
5854
3052
3642
9638
8866
7444
2025
3524
438
7419
7801
7120
5413
6684
1679
7177
6173
451
3817
3123
7028
3272
2448
1835
9588
4242
1874
8893
6264
9150
3890
9784
6187
4231
1782
9659
1156
6152
4244
4432
3704
5205
881
6894
8212
3505
2559
8133
2877
9233
5097
313
7342
3525
1317
3113
9398
2303
7070
1457
5059
2741
6243
4531
2535
1898
7609
3341
8062
8977
241
2331
352
1498
8782
308
1073
1261
4351
6266
795
5003
845
6866
8717
3246
2601
7964
7595
797
9980
8308
8058
2474
3442
2334
4014
7407
77
7960
2985
2971
7611
2240
3418
9668
8349
542
4392
9229
3788
9269
706
6335
4497
2938
7021
7933
7512
111
8849
1815
7225
3825
7720
824
9980
5588
4012
1732
2111
3336
2004
1234
3151
5564
7939
3617
9896
921
3701
8029
4754
33
191
7448
6976
685
2442
1502
9855
5134
1667
1258
8609
7219
9050
749
6796
3330
7694
6261
1195
3673
5177
8786
7048
8107
2773
2428
7867
7487
963
7385
7307
459
3772
9667
7608
7912
5519
447
1897
5878
6141
6512
6975
5576
2412
3843
7903
6627
3918
460
4461
2087
8197
566
7682
8423
8814
1089
4308
8877
4271
4012
9973
8574
8455
843
1699
4309
8824
9210
3459
4707
9739
7527
4433
6923
185
7975
1935
1779
3402
2135
6705
8702
1476
1371
6842
3999
7849
7341
4270
5183
5189
2403
4284
5943
8106
3628
5294
3313
6371
2940
7928
9840
3914
1211
8658
5848
8398
2180
8011
2080
348
2786
9379
2379
3345
3325
3787
3165
2274
123
2149
5058
7328
2218
955
5554
4179
770
3766
6424
5018
513
5140
9354
4980
4758
285
5627
2198
2920
5692
7251
322
4615
6846
4248
8937
6232
7970
6605
9109
6727
900
6400
5149
3165
2782
122
5277
74
8645
6791
2665
7764
3076
2908
5943
2310
1200
7488
1711
9357
5488
6043
8888
6292
4688
3938
1159
872
474
5676
9454
5325
6777
6919
6823
8
930
7227
4821
9215
4520
9032
5742
6275
4531
3843
5294
4054
4725
1667
4563
1760
3587
5681
952
3060
7971
5717
3960
712
5055
6534
2250
9850
4110
3937
4620
598
1714
5682
3093
3869
8763
6312
771
7896
8958
3594
1221
4194
6026
7616
5022
9997
8880
2596
1007
6547
8741
158
5672
3733
1678
9318
7939
1881
1152
4892
9221
5796
9355
7915
6442
9216
7673
6484
7940
7664
224
3774
9272
5959
2393
9523
9933
2319
6931
8109
8538
9870
8192
2071
6531
7259
2227
9497
1031
7846
8667
6130
753
7006
5704
9937
9921
1237
3696
6422
511
5031
5893
5035
2596
3584
9279
40
9372
595
8121
3643
676
2304
9697
1134
8164
1141
5064
6970
801
7694
2283
1585
4682
9248
405
5441
8965
4087
7163
5307
2702
1720
666
7243
4819
1337
3512
9451
6807
8533
7197
3720
8265
8437
6644
2557
7128
8417
5547
1925
2653
1452
3132
4211
5245
3605
6271
3014
6274
5378
9109
3520
2477
1552
7563
1981
3619
3167
368
4808
3161
1073
2539
7408
933
5129
1125
7617
2298
4313
4312
8456
9383
220
2122
8246
9285
2507
4145
2892
5028
9427
508
2239
9977
8652
9746
9051
6927
3980
659
5323
7550
7459
2240
5808
7460
1881
7312
8823
4551
4618
5290
3036
524
4922
1681
7876
4784
1676
6632
5073
4599
2053
7978
4886
3678
4101
3741
1537
1714
3310
4252
8800
1108
4662
1655
6212
9618
80
401
8585
6523
4160
9613
9008
1462
3139
1133
2139
2631
8564
9551
6830
7064
4164
1324
463
440
5450
456
9596
3531
3313
3737
5139
1941
2728
5197
5831
8604
1882
6468
5237
6545
8294
1950
5917
643
4642
4009
7174
6745
9217
3890
5378
9042
9724
9439
4840
4914
6421
6782
2792
9555
5631
868
9936
1422
1283
3117
5973
6829
4452
6132
5254
9142
1801
968
7570
3966
3123
2771
2944
3648
8909
2094
9927
7040
5210
1677
6764
6617
6900
411
96
5111
5174
1275
4340
1610
2563
6180
2011
6768
5592
7375
3767
3094
2550
4935
3176
7955
9459
8037
3543
4169
1222
7422
6873
8000
1561
3011
3702
5417
2993
9820
1265
7348
6529
9240
409
8470
8310
2621
6629
8819
1093
4735
2230
4428
1750
504
7086
4846
9276
7116
3846
15
9126
7647
4645
5357
5861
3709
8644
5629
8312
5580
6822
9669
1757
8985
1788
5406
4118
2996
8862
802
5348
4146
8830
9685
744
4870
8094
907
8413
1636
8937
8815
8969
8300
5190
7476
6459
9270
9553
2994
7223
7783
5771
8742
9877
5080
1770
6237
3072
966
5347
8231
867
1442
7002
2221
2487
8414
980
3031
2671
2586
2460
6741
3773
5537
5945
3359
2277
2060
600
4851
6472
9386
2734
6851
5157
1122
3021
8369
2368
78
7615
4479
6589
972
344
3375
3342
3291
8445
2332
1008
8104
9627
1484
3068
8683
6810
8156
9218
3194
2535
4141
9736
3777
4696
8584
8729
6723
9170
5523
1794
2968
527
6167
7790
588
2915
328
2282
2634
2565
9416
8426
5035
9154
5521
2995
9685
9364
9461
7227
3547
3881
1068
1491
5558
7192
1105
9134
4519
3590
4322
9921
4673
2158
7626
3858
6862
4055
1524
2967
7590
4887
1366
412
8766
9852
1488
6462
8476
19
3416
3390
2061
2090
5068
3797
1911
4679
2411
5246
5497
6387
2056
267
6469
5897
9652
486
1150
3184
8782
1600
5659
2399
4050
5311
1295
3447
2436
3689
4427
4724
3488
1222
4234
3766
7016
3225
9056
1172
7632
840
8935
2247
1265
5034
4895
2107
9089
3253
1288
9113
9683
5778
2534
250
6969
2849
6633
158
8794
9167
4655
5715
1753
9631
623
377
4573
829
2812
1417
4270
8821
7004
8236
9035
26
4827
9169
1885
5628
616
2992
2175
3578
5106
8580
1653
5997
8215
5102
78
5229
178
6987
4624
789
7288
3854
5062
363
9799
9746
