5833
2680
4260
8048
1527
3567
3346
1369
3864
6856
9528
1516
2980
5811
3540
6801
2891
4761
1293
2420
782
172
5416
5056
8135
4113
9089
1108
6839
3295
3084
3497
1798
1294
5379
9908
8593
293
3521
5302
1940
809
2436
5142
9631
6166
1418
4559
2365
7237
3674
3988
5416
962
7466
5141
8656
1375
9848
3364
4596
9857
266
3921
9088
8094
8568
4343
6029
2073
8625
2601
4719
8771
2674
2180
2271
8054
1754
1946
6690
7000
7906
112
185
8146
3554
2845
2704
1139
3047
8776
3627
5837
1784
6485
9747
5155
7903
1155
5383
197
9900
3661
966
3856
1725
7988
2257
6622
5538
2477
2821
3054
3892
5092
8767
2937
5708
7045
9905
7114
1145
1403
5962
5280
2628
1455
6379
6042
4853
1878
7356
4806
3104
7408
7268
6319
1442
8689
864
2346
2780
5413
3892
6980
7882
3869
2725
7875
7396
2744
1808
7151
1035
841
7500
3636
1384
2956
9139
6238
4118
235
9286
1800
1815
4763
1287
9786
4076
6215
88
5525
7749
7646
9961
5926
1184
1046
4920
5580
9815
8836
313
3374
8297
5326
5902
1094
1698
4519
9320
9723
5469
6159
5188
2695
7791
653
3497
7933
8071
7922
3990
7453
5850
4883
4449
6238
3139
5258
3347
5888
8335
9698
9912
7364
9134
390
9178
6818
7420
5981
7702
6910
4919
1404
3663
8991
1507
5280
8183
3668
8865
3166
9013
5100
4229
9617
6184
9434
6159
7063
3154
2122
5145
4481
5560
7757
4646
2621
6686
644
9508
5178
9369
7650
6479
6960
6485
7595
4334
4065
5501
9692
163
6215
8497
591
7684
2980
6186
8678
9503
280
1793
2920
7457
8459
1782
1955
9006
736
7174
1095
2836
7209
716
324
6082
1109
5057
3593
782
5915
1975
2257
3756
6250
1446
3379
9234
9607
9250
1245
7951
7802
7757
3189
7315
189
2686
2964
8210
9994
4764
5449
3130
9575
3741
4111
5963
1993
367
9475
1550
2859
9360
2910
9798
1810
8449
1666
2346
3815
2029
683
3676
5319
5281
9804
5211
4386
7804
9516
4621
8390
7406
6116
976
3808
7926
9104
2151
7175
5291
775
4762
9901
53
607
2925
443
7261
2073
5002
4191
3207
365
7602
9645
1561
6314
838
8839
2620
1190
2907
6322
5015
838
8660
9456
9540
9730
3362
3243
3090
2751
4493
700
8162
6273
7086
1985
6230
3012
4717
7612
9228
1198
316
5767
2897
620
4686
5160
5609
6014
10
3306
9268
8377
2321
6322
290
5889
2055
7826
6495
776
4645
6182
8067
5151
3364
688
8585
894
3390
5450
2120
4506
4231
7552
7686
4492
9744
3568
9152
2113
3667
2888
383
8842
6930
2706
2446
5642
7842
6102
2047
2590
6461
9092
4051
6069
1116
6389
8081
53
4059
4485
8406
830
4478
1910
9283
9463
4857
3404
7085
2778
8757
9081
7190
1398
2949
142
3314
2904
1168
4453
8668
9789
4225
6901
8368
8496
6690
7226
5386
7252
6655
1080
4579
4710
1054
4581
2196
7513
9939
2136
4108
54
2185
9098
9844
9303
261
3056
5371
5751
8524
1178
6084
4833
5421
515
9428
3803
2625
2349
6080
38
1078
8176
3659
3756
9570
8567
8966
9886
9340
5632
7368
3632
9934
5030
2998
4106
8510
7892
6565
7028
2403
5297
4643
8102
9069
8762
5723
7027
917
761
7376
6857
91
6360
9258
9934
679
554
4020
6930
1518
5039
847
2852
2909
2649
2567
3643
3644
2440
2619
971
7377
7014
515
9656
7709
5048
819
2835
1227
970
4693
55
9660
717
7083
4184
5272
904
922
1728
7815
8577
3675
5647
2117
9151
5651
4597
2747
966
2347
6726
1857
9909
5010
5506
2025
4231
1238
6583
7743
5020
603
3485
5460
5147
4891
8917
3890
3407
2132
982
7537
7236
9496
3548
7104
1668
3110
2390
8726
7930
9423
595
2208
8314
5611
1426
8173
2627
4610
2284
2748
2379
9982
2999
351
2590
7046
4545
3664
2250
271
6974
7546
9026
7876
6216
3850
8373
9069
7641
8699
1841
6228
3406
3609
9250
5722
3026
7877
2826
1649
6477
3439
3748
4827
5057
9097
6369
6712
2121
2175
9685
4598
7734
2748
2551
4985
5678
8640
3052
5651
6185
469
4167
629
130
4089
3192
1548
7840
2045
8790
7327
87
2739
8241
685
3767
6622
1905
7245
2840
1675
6333
1829
4632
2037
3728
1748
9274
429
7815
4644
260
4464
1096
9296
3819
2603
2920
380
1094
6209
499
3306
3349
2421
8736
49
6981
5402
7785
2848
827
4687
412
6633
1825
2304
873
3153
5833
3662
5489
5469
4180
2008
2111
303
1782
3932
8622
614
1601
2317
6863
4956
8724
5632
7884
5601
7991
8281
4502
6798
5485
6327
5024
9165
1245
7080
2942
6780
8790
5247
8390
6296
1062
4457
1545
511
6894
3975
1894
1414
397
7758
3699
6002
8767
913
4993
299
6409
295
4308
691
6314
6240
7059
1469
7672
8667
4378
4257
9838
907
3266
3235
8758
8672
4114
1292
5872
4569
5052
9385
438
734
2830
1400
5506
1027
6284
138
1814
7808
7790
9371
3647
2662
9699
9029
6654
2180
7578
3947
8572
5695
593
2922
352
6999
3429
8081
663
5997
5821
9610
9992
8282
4218
4186
5850
2339
3303
7403
2940
5712
5345
2417
2663
9748
1948
1186
5211
3086
6554
903
8076
358
7472
8327
4816
1835
2735
8412
8687
3616
1795
1814
1551
7934
2996
4211
1074
5484
8368
2825
9749
2884
3481
8611
8863
5271
4456
7647
8091
8423
4565
7233
283
9036
9337
9048
1282
9160
1323
2695
3621
9341
3932
9943
7271
8503
5896
849
5990
9163
4513
240
5519
2998
3185
475
3170
5098
9684
7512
6810
682
6600
9732
3492
9167
6218
5752
1714
5706
4934
1727
1124
2785
9811
1467
9803
735
673
3934
9619
7116
5176
5436
6276
8067
3254
981
4844
6282
5645
1562
595
7139
5823
638
612
9192
4158
2628
4492
6174
1964
7072
777
4552
3220
93
5193
9795
3180
