8678
1765
106
2976
3978
1313
2871
3924
6687
4026
9762
3037
8127
244
9150
6629
7529
4150
9302
4833
9527
2619
302
3529
1557
3775
9053
6220
1850
9403
7744
1076
7063
1094
7313
3637
4980
1874
9279
2502
5731
5735
2367
2322
8453
6455
9591
8151
2578
8278
2674
3984
4813
2029
6343
1224
4667
4130
2316
4821
2700
9487
9600
6007
363
3717
2862
6308
3865
3619
5237
7673
6863
3504
9500
7015
232
7433
266
1536
4725
353
5291
6149
9666
6396
4517
1446
751
5631
2962
8909
7761
4863
9409
9838
2751
9611
2573
9959
9298
5504
4470
6745
9549
6224
1718
8553
8866
4742
8403
1325
9309
7618
8954
3758
9571
2869
4037
7406
1994
5009
7227
4014
2053
1352
1645
9240
623
4150
441
7004
2637
6084
8143
9553
8073
1107
2680
5746
7729
6539
9470
3434
631
1734
4638
2518
3610
3364
6465
1357
7051
6405
8914
1926
2850
4502
8162
671
5703
1938
2639
5822
6277
7053
3578
30
8353
3382
5711
9327
7089
818
4487
6163
2912
7416
4577
8328
8934
8662
1831
8159
6316
4614
6228
8432
3574
2837
474
2080
8339
5737
5706
1321
6134
3382
4949
2540
8735
3988
9030
1085
9324
7927
5546
7939
6881
3493
6447
6979
9632
5365
2833
8112
7195
7057
2588
1913
3740
4993
9347
8406
1054
3258
4151
6297
9517
3402
5610
5878
8240
4010
9466
5511
6464
5800
1235
9847
7481
1720
3589
1712
6198
1069
861
187
4386
9937
8791
2587
6929
4070
7960
3919
405
782
8593
7178
6181
4550
519
3929
6768
1571
375
6729
4824
5392
6622
5834
5426
8013
7311
4396
8323
1452
5637
9244
9213
4882
3872
6260
8463
4927
484
244
3684
1955
6965
3273
1130
3639
4886
208
1931
5596
8040
4415
2096
4251
1383
409
5290
5089
5240
100
291
4749
1143
689
202
7072
2596
6958
36
5050
6133
9220
5686
9765
9774
6752
9784
8199
9269
1897
1500
6496
393
2293
5061
9348
8843
5776
7451
5631
8108
6210
5939
8972
9757
6532
5651
329
2590
5831
8763
6593
4022
2505
329
9086
1385
3437
2876
3299
8190
7758
4240
2779
7047
8328
5282
9113
7620
6586
3857
3347
2584
1188
5389
2052
917
7954
2741
8966
8235
6234
4001
114
9043
2368
9751
5261
2401
5259
5729
3079
2367
8251
7299
1066
3406
2898
1779
5412
9727
5892
4954
5370
776
7989
415
2835
6922
1974
8636
8501
4070
483
8593
1367
7479
6404
8013
4043
4547
8934
4435
463
1891
8589
3873
6488
5145
5969
3444
2162
7624
6826
4880
6191
9303
3473
629
2291
4327
9213
1892
2305
4956
1983
711
1549
4704
6258
646
5830
3946
5370
7359
9703
1125
9520
3654
8257
5957
4128
322
6591
7724
8312
2432
3887
7874
6005
7482
3825
3306
227
3032
5095
345
8072
9055
3312
5321
2038
6096
3962
9475
820
4479
5466
7267
1872
845
338
7421
3787
3688
6183
9205
8265
2182
581
6484
1051
4378
8265
2590
5763
837
8034
2600
2716
1478
4940
670
5323
7349
6354
9770
7822
993
2742
4264
7064
9683
7158
3902
3438
8642
4630
7393
4473
3934
3438
1178
2017
4849
5240
6159
6410
4279
4191
4837
9094
6967
45
2683
6926
4770
394
1402
4246
9009
8822
6752
8677
5508
3482
9699
9238
4557
9000
7162
6614
8820
6117
319
8386
7531
1943
8904
1700
1930
3721
1869
2034
9166
6495
7676
2299
883
1038
6783
9415
7834
5285
5831
4450
636
9449
9337
1533
9924
7673
7133
8650
1027
886
4832
1674
6501
4773
8759
3068
9722
9660
7148
8460
9736
7214
4605
4525
6228
2300
9590
3741
4247
6400
136
4876
2262
7888
6459
2961
4115
3957
247
6961
1448
3902
5304
3285
7722
4573
1447
4511
5362
4949
2685
9568
415
9269
1626
5777
1888
3693
9787
7332
2311
5892
6993
335
3279
2202
3158
61
8006
2487
5250
6969
6271
200
356
4767
6007
5691
1572
7096
7327
5727
4157
6426
1281
1186
6991
7299
8500
1839
1833
3864
2211
8235
1693
6711
6883
5715
614
237
2586
237
3500
6428
1011
5505
5520
7140
8214
538
6458
6581
3341
8566
8039
8247
7834
9487
952
5150
5452
6205
7773
8022
1353
82
376
4015
3278
7000
4758
9405
7242
7601
4096
8166
7602
1396
7030
9105
9797
2424
789
2176
9784
3847
2983
6786
500
8058
9425
5295
340
7300
8098
2665
5428
933
7390
2675
2876
9364
2306
6873
4146
6929
2441
8549
1638
4589
6949
1489
1103
7535
7649
5717
5995
494
1467
9767
5805
5661
294
4578
7672
5231
9381
6044
2672
8272
1787
8241
648
4564
8167
7262
6095
999
4309
8083
3500
7689
6023
703
8785
733
8602
5634
7748
2262
5676
5026
8065
6405
2547
2802
531
8954
497
6861
1626
7486
8299
2803
4271
6083
4160
2358
9500
8944
3583
1404
5039
1347
584
1018
742
4012
5580
5776
3725
7147
9081
31
2746
6606
4276
5164
546
6962
9267
2071
5853
9085
4618
3078
717
6637
8171
7311
4357
9544
6194
1293
1085
3432
6246
1371
5226
7017
7219
3646
5762
2937
4940
234
4950
7172
2694
4156
2705
7459
6870
7127
5685
6920
2340
9669
8398
3487
5553
3108
3142
9131
8684
178
9344
7715
5626
1951
7945
1168
3483
9014
6689
4125
1569
1040
3200
3331
307
749
9420
2935
3495
8967
9759
3706
7862
7709
8701
5140
3680
2449
5740
7685
5784
4727
405
7680
4770
9779
8864
6653
4609
869
6388
7539
1589
9547
6468
2711
4744
5052
8366
2349
4465
5093
741
4033
7754
6666
1320
5993
8740
7442
5058
610
6146
7111
8968
7276
1706
2289
2410
8572
4815
7591
4520
3110
8995
2617
2863
8876
2290
7316
9700
4862
4081
8908
1797
6423
3277
3415
5193
2233
9320
2452
564
4109
2629
8415
5173
3954
6397
2631
9267
9593
8450
7335
8889
6066
2920
1877
2620
1325
6699
4643
4346
6856
755
3159
75
3705
8427
9073
7020
4864
2249
8769
1567
1652
6143
4123
8919
3247
2968
6608
9687
5279
9958
5986
339
2371
3680
9771
3447
7432
7136
9795
9772
5782
3506
2228
6209
9859
9824
4500
6207
7643
626
9031
4765
7681
3099
9046
3467
7390
5894
6744
3795
2412
7351
35
7890
182
9286
2424
7596
9895
702
1376
5894
5525
7994
5215
981
3281
3785
6859
1964
1061
6944
625
6140
3362
3845
7165
9197
4667
3060
7179
8130
9978
194
2439
3105
1847
6822
4486
344
1544
2063
1399
1299
4960
1080
9890
2450
5583
9824
7555
3201
555
6510
2619
6168
6865
6345
9835
7593
7267
2909
150
1760
3031
1217
9754
6589
3681
2525
9043
8310
6597
2273
8804
8656
6260
1400
5435
2133
2345
7698
4872
6920
7928
425
9793
2076
2859
19
3501
922
4450
94
6948
2282
285
690
9544
3586
4528
5911
9369
6610
6571
2926
7667
5849
860
5637
3332
8009
219
7100
7045
7645
2408
3580
9247
8963
1132
9423
8607
2014
9634
6162
5056
3275
1753
3343
828
4539
2097
5183
3174
4777
8998
3972
1359
9946
2468
9996
827
4682
1520
6552
2871
5230
6808
6676
1410
5132
7248
7017
7885
1615
3745
6166
2472
3407
4711
885
9394
5702
5247
3170
8565
7046
8898
9693
6805
8782
5977
2776
5115
8612
4230
6724
9914
7461
3315
4077
5509
1808
8563
5085
434
6794
715
5590
6311
8882
8755
8017
7096
2685
6886
5355
1683
1413
4955
5511
5632
9842
1526
3910
7392
1444
2183
1866
1193
2815
9798
402
259
3437
2273
5671
6123
7738
4523
5085
8729
4705
137
6605
472
7965
4707
3031
6874
9410
6685
3901
13
7699
4472
9377
1415
6516
8913
8632
4881
9768
6684
3775
2666
4126
3542
9668
243
3837
413
2823
1595
3879
7893
5383
1599
2018
3217
433
5016
8298
8883
8426
5272
6042
1450
9750
2602
3475
734
1944
6253
6380
706
2273
8517
2895
9053
6750
1319
4509
1166
65
7527
3664
2899
6729
8264
1239
1037
9574
1543
9384
3547
5948
956
5446
9640
7264
23
1594
2539
136
1579
7254
6515
1748
5329
5085
1716
3522
9987
263
5785
7991
9819
8825
5070
865
832
6794
434
2833
7221
4296
4479
2478
5847
433
239
668
9736
4727
7428
1730
9796
7123
4219
1315
8056
5267
8085
6972
1970
2967
410
8692
5890
2749
3492
4426
8563
3765
2941
415
9565
1847
3021
6139
610
2152
9722
8597
1019
5093
3637
6772
7079
7343
4791
1978
8200
9021
5870
1673
3074
1880
5422
133
9624
2040
9279
8207
3436
5013
7208
1099
523
7439
6463
8497
5212
6711
8022
5320
5835
2208
5178
8169
8110
9830
5986
3863
6363
4455
7929
8643
6380
7960
177
7029
4537
2630
9485
6590
728
7093
7538
9618
2236
9422
7586
4747
2207
4650
1790
3120
2005
5252
2607
2989
4150
6740
4248
2115
4815
8942
1763
663
9711
6625
1101
2176
4065
6532
1032
3426
5331
1699
2884
4623
2570
5280
530
2149
4791
1485
1870
9754
1507
2462
9264
4587
4859
4756
9014
6828
6079
7357
2792
3842
5285
688
9440
5460
3501
8349
2989
2311
1048
3881
4525
1519
9683
2880
9547
283
8850
9387
9379
9970
4243
3833
3176
7521
4200
2419
2055
5150
2472
3776
8532
5502
4106
2560
3990
1418
6344
9725
1576
9672
3060
9316
3510
4814
1890
7097
569
5769
6234
8177
6120
3731
6111
1794
5253
9642
4826
1245
1928
4836
8148
1028
7507
1288
5388
8511
9018
977
1485
1665
7157
3187
4179
4704
6653
55
1843
7850
5528
6923
3804
7323
6314
4041
9717
1667
3137
1442
1820
7054
8996
2699
5489
3700
3649
9277
7045
5847
4472
4434
2794
1267
1264
3011
8864
984
9597
7047
2498
668
1380
1245
1811
6436
8068
7009
336
9978
538
8117
9515
2385
1784
6255
6009
5356
713
4247
1105
2965
429
2140
5194
3506
6421
2804
3736
1322
9363
8057
9275
6109
4585
9067
8172
5018
3459
1383
1804
8899
330
6174
2259
5475
4975
3914
8314
5560
1497
3684
1262
4213
180
8441
1258
6471
8832
9106
2199
3792
5738
4601
9290
7112
2178
4625
195
5975
7410
3974
2262
1368
6782
5339
6367
3152
5909
267
8687
5701
1531
8270
7094
5858
4858
2245
6868
2736
3868
2393
152
8023
4031
164
6908
2361
1821
3291
1251
3112
1661
3739
8744
7767
7906
7015
4269
2868
9079
3420
6964
3678
1101
6003
3141
6746
346
4509
4950
7703
7943
821
3928
7354
1133
7846
4476
4077
5732
8933
4089
6857
113
3505
1760
1371
6930
1566
5238
6891
9248
2969
3158
95
9161
2686
7353
4647
2080
2460
2602
6779
3307
6722
4851
6711
2128
3946
3974
5455
1028
2971
7201
2069
5737
6709
6953
2784
9434
7564
9273
3872
7853
4623
8543
8853
988
6858
6268
8246
249
7919
8190
8709
7350
2140
5076
4360
7381
7293
4790
9707
985
6137
7830
6106
9681
1778
5679
5731
9478
4573
4848
7984
3561
1674
2909
3707
7730
2053
5930
2115
6656
1410
893
9507
5762
2527
8168
7370
9351
1930
4984
638
3775
8411
7221
594
182
8821
4558
9119
8689
9533
3336
839
1648
8661
2618
5581
2392
778
1297
8137
6450
3200
1155
4304
2908
2183
3786
3785
6243
958
9752
2114
1186
8958
7785
7114
1907
7609
5826
7888
5417
6809
2028
2865
4703
2828
8484
3271
4071
4884
5962
3573
2330
1894
5485
8152
5120
9744
3464
9440
8900
4549
1491
3541
222
5052
6288
1309
4037
571
3831
8115
232
9947
2745
7465
257
9533
7158
2886
526
7665
388
5699
7524
7247
6485
6392
8618
2710
8603
1373
6550
1946
707
9763
6575
8306
6243
6185
5255
3430
6922
7378
2572
7104
4587
6397
2707
5441
4221
2565
8040
6924
4089
9311
2749
5943
3849
1259
4694
8245
4162
5994
1078
9401
4886
9670
2737
9068
6209
1128
4774
3559
6422
4795
6431
6420
9565
2519
3792
2982
9843
5120
8673
7889
790
1749
7600
8892
3156
1837
2351
2202
903
8324
4735
4927
7255
6412
7983
9751
5524
1063
7437
6106
9111
6314
1662
467
3196
9171
68
2584
4262
9476
4820
5340
6727
1728
4042
9719
8338
6475
6451
5359
6983
6935
2862
6967
6338
9264
2183
8349
6889
5922
1336
6762
4089
1561
805
4298
1748
703
956
7106
4064
8268
6687
4633
5559
8397
4326
6551
319
9487
6829
6945
1757
6302
5326
958
7172
1439
7699
9004
6396
9300
6676
1491
1384
422
3280
2563
7024
6661
8115
7585
7471
3300
3420
9236
6307
4200
4657
389
6359
3975
2104
780
5271
5814
4859
3456
1415
6851
7009
6270
4856
3659
1740
6546
8464
1164
6875
9291
6045
1859
4582
4000
8414
808
8792
4457
8966
7965
5989
9616
295
8927
9874
3293
4430
7947
2354
4024
1961
250
6651
1153
5770
7665
7405
2611
1326
9240
3074
8623
151
7395
6176
7356
682
1877
7152
260
9374
1800
2465
146
7945
6081
3349
4158
2289
6745
8110
6579
9140
4288
6766
8959
9053
7251
1458
3009
780
2228
8737
905
761
1889
7133
8545
6269
2662
2030
4177
7284
9156
3198
2519
2475
3787
5454
8813
2122
7356
860
2140
3190
1023
7094
5270
7886
572
8759
6857
8600
1678
5140
1510
2672
3931
8954
5817
8260
5175
8543
3996
7351
7518
2778
5724
1400
616
5593
3588
2726
9391
9223
9279
6554
7541
3023
2784
4841
8570
4729
7222
9933
2162
1734
4195
4135
955
4418
6339
8044
8820
2223
7841
7777
7794
5937
5116
1660
6917
7522
4480
4992
5119
940
3962
6093
5997
805
8171
1130
5783
6691
3285
8279
7098
4437
698
2588
1102
9282
2697
9760
8842
3401
1452
111
9275
926
3428
1747
1532
2725
5022
517
408
2645
2742
537
1556
9300
9793
1612
7712
1121
9393
5795
36
6747
2313
7161
9872
5621
9847
2604
6468
731
4489
7660
3879
4365
4112
7434
107
1118
4953
673
4278
4721
7122
4204
2740
4407
7200
92
9249
9696
2583
6155
3643
7413
3914
490
2333
6376
9722
3196
5022
1200
516
5861
7024
8443
9531
4555
5854
5497
2588
8527
6613
3977
4775
7840
2507
8268
2435
1317
7894
3132
7938
1805
380
6207
8203
956
4720
6133
862
6748
437
3875
8713
5862
9555
4995
673
6212
1903
5201
5285
8525
6240
475
6660
3843
9973
4797
5814
9620
5338
48
655
7540
6545
4486
647
4219
7942
7707
3006
5465
8676
7314
4677
1003
4412
178
2527
3504
5180
7988
7118
4548
7300
419
4515
6848
1788
8104
1764
4261
2890
7400
5817
4700
6936
4804
7209
3299
1419
9411
3879
3037
8503
7991
8482
5567
7174
1426
3681
7851
9152
3820
6677
2915
5853
8588
5184
1395
5246
9127
4539
3299
8914
7697
8653
4401
2877
6133
207
8079
4235
6380
7412
8262
9274
1583
9949
6430
5823
5954
9010
2385
5400
2407
3701
7396
2071
2258
9928
7673
8198
7863
6694
395
6462
5894
8726
6095
4634
4615
2356
524
3922
4335
1329
7455
1370
6086
1171
2390
3553
588
9167
4926
2174
1711
7721
4707
1853
2082
422
7036
5296
7460
8385
5673
2921
5091
4737
5042
7085
8021
707
2965
3499
234
9004
2212
8946
2377
4478
2865
8921
9500
8691
7199
3664
5617
1087
3790
2140
6087
6231
2090
4697
2010
376
8696
7153
5301
8666
519
3409
5755
9722
3992
7907
5240
5134
9873
4383
8370
7675
1452
802
3406
5387
2110
8953
4457
2914
7311
3760
4414
2615
7358
1900
2693
9623
6198
7696
4791
4988
6713
275
9860
3412
6462
5046
7398
5702
19
3291
7917
8231
738
8106
4639
1154
9977
1686
8339
254
4386
2693
6225
6977
7220
1477
3025
1274
3932
3059
2742
6659
7875
3757
1566
1901
294
4448
1103
5518
3668
4740
3432
1212
2784
1467
7467
6789
4571
9426
4155
7487
1749
4151
1823
241
3624
6753
570
6077
7753
2133
2461
6988
755
5805
595
833
2090
1500
864
9794
4178
9461
3934
3480
994
4290
6044
5407
2704
9129
9981
7392
8018
1553
706
2404
1878
9131
9644
5020
5159
3044
4280
3683
3173
2382
2848
604
4007
8231
100
9919
8824
7739
6954
4197
8467
1179
5857
3613
7284
1495
4100
5039
9125
80
2006
3830
5402
2799
4130
323
4306
3066
772
5267
2451
5805
2609
3849
1224
4365
3159
9472
5730
7040
3162
9025
4096
8418
899
5755
2964
4137
5070
9703
5900
8768
8167
8834
8433
2601
6698
6366
7016
3332
9757
2377
1882
517
8530
9238
1482
9402
2502
9042
3372
9458
9304
9686
1621
9266
7056
9572
2554
3498
9926
3252
6576
4477
4642
7973
1462
4582
14
5209
3954
4606
2461
8592
5287
1298
6975
7038
2281
1322
1804
2225
3666
7005
2114
8034
5357
1176
3235
2228
8740
7606
2615
1154
9456
9810
7427
602
6389
1585
4235
160
2751
6899
4882
1685
2309
8560
2660
4637
5553
3608
7878
6648
9265
9419
3234
1968
2661
5936
7497
4088
1149
8394
8814
1581
7910
1148
2836
2494
6170
4102
269
7583
3817
8400
9704
1699
2624
7836
3133
320
3645
9841
7567
5491
1859
778
2405
1259
8472
1046
5661
9228
6833
2016
2600
97
7295
3335
9844
2092
3361
897
1072
3234
45
4594
4250
5799
9124
2705
5014
513
8313
2017
9811
2015
1046
9557
6135
5233
7412
2005
6796
43
7996
4406
1519
6907
5975
9887
8172
4401
8566
5695
480
7525
439
5746
7108
8060
2845
1099
1370
4349
9139
1844
927
2824
421
1960
8404
349
2675
1370
5521
3185
2187
1048
688
6853
265
4448
5306
2568
1430
2699
6553
2741
7746
7295
9843
623
2152
9510
7207
6416
4005
3189
462
3321
3548
6000
7672
5995
9649
6018
7673
5947
8792
5632
1639
9404
3234
8709
9386
7230
587
3713
567
4716
3675
5075
6562
7083
2847
2463
679
9398
5484
6433
3917
8126
9735
8024
7679
7478
5387
1990
1966
3029
7185
3884
2080
2204
1197
2395
886
9903
4403
446
4166
6215
1630
620
1277
4541
9840
7057
1479
8555
9155
9509
6983
2869
3331
3516
2916
7228
8333
4037
6655
3754
9281
8967
2166
5553
5960
2542
1133
358
7017
173
7569
435
9862
2244
3937
5057
3254
4664
356
1627
6071
7194
4760
6343
2826
3049
6821
9544
259
841
4069
4263
3748
302
1687
455
9084
5658
3240
879
3289
7530
1478
8906
256
2552
9786
3058
7165
5937
8632
8691
8100
751
3437
1347
9962
874
4636
5318
6568
1296
2990
9207
1926
7484
8350
6651
7576
6475
3541
39
5536
9665
31
6698
8471
4435
9282
3228
3601
1895
9680
2029
6469
6750
5185
466
7566
299
9127
5026
7993
1060
1478
5719
8099
3149
6982
2455
1462
5116
8144
1338
6328
5759
4634
7549
7961
7266
280
8684
4575
342
2280
422
2247
1525
9041
9475
2930
9000
1776
9672
2417
161
3064
9586
2423
5533
4300
3640
7379
8026
7268
8787
6735
2479
8017
7248
5215
8626
9941
1518
4913
9995
4044
6283
4613
7773
3240
399
6274
4894
6836
1892
7150
1701
9760
6405
5503
9849
5533
4123
5002
961
7421
2766
751
1229
2817
464
7128
3644
2567
1869
4069
2768
7671
9910
4717
6661
9074
2197
8394
3576
4511
546
8745
2666
1131
4123
1846
7595
3091
2042
2056
4924
1351
9176
454
4038
8502
7704
7822
8127
9866
4774
7654
4723
5511
117
1785
8424
2428
9087
695
98
6989
5342
8561
5725
1124
4081
2392
226
2379
4947
2425
1337
2191
6157
2879
3813
108
323
9358
4566
9832
1892
9024
8688
7767
3042
5893
7649
7777
2153
628
4072
8202
4132
7744
2186
3671
2627
4977
615
5185
4016
2585
7442
8209
9512
7623
6198
5327
6479
963
8412
9024
7364
5999
1073
9010
9099
7327
6941
9054
4016
8828
8167
898
9296
8899
7949
6993
2988
5629
8072
4801
95
8563
9188
3384
8534
760
8373
2587
7014
1322
6302
7083
7729
9391
3076
3877
6218
9073
9032
6494
3936
589
5466
2033
5854
8949
5905
3837
1368
6040
5616
8599
8762
3923
2459
6016
6754
3008
3103
6411
406
207
5480
6423
2200
2204
3364
125
3117
7799
798
9534
9764
9970
6573
2770
555
9619
4035
4200
7892
8223
1739
6110
8975
6391
18
9510
9577
2441
671
9309
6826
2350
581
2400
7124
2403
558
9924
3454
9598
3018
7448
7496
5544
45
7619
2689
2761
4671
5741
9884
4397
918
9028
9112
4681
4919
3765
7654
641
9713
1883
8429
1474
7971
4048
5266
943
1788
2167
2587
2578
1225
7803
2265
5129
6213
1006
9405
5059
8385
5737
7291
5005
5643
4004
4579
9382
7860
5353
2678
5027
7698
8531
1597
4808
7564
9910
221
7836
6460
4898
8990
1391
5815
4656
4227
9459
5409
2049
9227
3116
8229
1671
1390
6557
5576
3721
7403
4041
4661
9935
8917
2043
2189
415
3509
4107
6541
3467
2002
6310
7978
8625
1925
7664
7840
2566
1297
6592
4862
6758
3720
1440
4006
6067
1984
169
6329
4416
6571
303
4856
7107
7038
5590
3518
8620
673
3512
7970
4621
6812
7705
8784
2592
8107
2498
7712
2230
3136
3502
9046
202
8174
8237
6897
8202
8701
4651
5369
4374
3889
3252
7816
319
1101
4414
5537
4582
2733
4859
4966
6184
1768
8930
7020
8282
2172
2976
5938
2878
219
4760
5319
8937
5034
1261
7762
1815
9155
7472
8500
7109
9752
5395
7168
7345
3247
6641
2371
697
933
639
6934
2759
4498
8891
1081
1293
8723
2503
3123
761
7807
3803
5453
4207
3641
7837
389
3350
9179
6613
8870
7290
6204
1673
2749
8517
6960
7850
9471
3617
100
9137
5934
8422
2405
4786
1203
1379
3582
1635
5647
4516
1223
9537
7170
3656
1765
4120
2885
9844
3716
7717
7499
7697
6264
7698
27
1046
9915
2517
9041
1370
1512
7901
9722
7474
6813
3714
2599
6282
7688
7200
3313
6506
3456
4584
6996
7456
764
2987
4959
45
8823
2828
4448
8102
5130
1849
581
1936
6220
894
9637
2352
3052
462
3974
2358
2055
9559
9264
2908
5485
4617
5511
1032
7717
3450
4862
3762
2520
8466
4287
3420
7859
902
2576
8709
7645
3995
1000
5216
2016
8433
7432
8959
2012
7745
2941
6414
7807
9789
2986
6758
2441
9579
1915
5945
1251
453
3805
1420
8119
1496
2289
509
5394
4495
9928
7401
349
8324
4721
4113
6691
3226
6245
3090
8836
3538
5773
967
5424
3872
7490
9653
7048
9969
6298
1001
6933
5812
3995
7401
8435
1418
8305
1164
5984
2692
7538
2496
2502
5375
393
256
2048
6934
6409
2647
3505
2892
4784
2908
8343
4317
611
7459
8182
920
416
5029
4360
4195
3750
1492
4570
2308
9274
6966
5274
4799
6812
1876
5332
8185
3199
648
2628
6560
9822
6376
5565
4588
4930
5546
5663
4862
7961
2605
8959
4700
1817
3608
9544
3199
4874
2074
8310
9633
9833
1399
2428
2046
6785
2355
387
5053
3630
9653
202
6884
4658
3234
7749
1118
8881
9948
5205
7521
5440
1054
6767
9960
3616
3678
5040
8050
9569
3735
9861
5406
6026
6089
1121
988
958
9879
2207
3465
4625
2532
5903
4686
1664
97
5941
6253
455
6031
3396
545
6069
5828
610
7706
2658
8660
4092
4362
1561
1384
1826
4599
8489
219
6453
3157
9550
9021
356
8999
4421
2224
46
2682
6597
9521
2729
2966
2849
4957
1929
6058
6483
6058
9348
7563
5179
3206
3449
4273
669
9847
6937
3575
1137
7878
2309
4533
381
9793
6590
803
4102
2966
4308
6196
8716
318
4605
7045
635
1285
7599
9560
582
6108
8065
6186
5319
6703
8435
4421
8073
913
6501
8971
8384
4008
4509
7608
2343
6320
2201
9226
1679
9985
524
7785
9057
2772
5454
2949
8433
1952
675
40
8250
6581
1685
5953
3969
8171
8325
945
9370
321
1652
8590
7856
7341
9944
6923
9513
6611
5217
4728
4654
621
9139
4467
6656
319
3686
771
1470
7597
1984
2772
2044
930
364
9452
8582
7206
1404
6194
1147
4085
6385
1806
702
1104
8802
9080
6782
7721
355
3417
3565
4103
3460
2096
4421
331
2962
4490
1871
5429
1235
9210
7319
8416
6722
4265
1426
1853
3971
8002
6296
5704
5976
212
3877
8845
7241
4349
8018
1181
8953
1032
1321
170
8028
443
2141
4195
5615
6872
608
8902
6760
6725
9255
3609
6612
4466
7169
4156
1607
671
958
5285
7189
7663
8947
1664
5030
1797
4801
2875
7888
8274
9870
8115
7383
1904
2787
8261
7895
2006
4109
699
6490
6385
1561
7786
9020
9603
2431
2766
6403
8515
5736
1578
1283
681
2994
3271
2712
9788
8632
7662
8596
2690
1703
77
7056
7148
4068
4075
7799
6259
3010
1697
8597
5178
3960
8495
9511
6874
9127
5119
9028
3820
8418
4833
448
4607
5103
5627
1016
8943
1010
7748
3186
4613
1537
292
3203
6265
571
3139
6732
9561
9210
5955
1478
5325
288
4788
5506
7121
854
8300
405
1013
3800
3528
2567
7293
6709
538
7909
5992
7803
8247
660
6007
3640
357
5406
2405
9396
4599
2672
8885
1298
4382
9753
4388
93
1573
631
260
2120
2304
8355
5243
5015
5689
4948
5006
354
2639
729
8341
9728
1220
1175
7956
280
5035
2570
5242
843
3812
833
6530
3814
781
6089
5181
1660
4910
8083
6545
489
231
7369
4472
3722
2065
8963
9535
6768
3991
5952
4800
1708
7848
9464
2007
8525
9491
2949
8006
9885
2902
3241
5054
7714
4812
8915
4707
3944
3850
355
7122
2645
750
3348
7737
6397
2140
1888
9131
4012
7245
9335
9047
9163
4349
4529
2733
1810
4360
9963
1636
1876
1369
150
786
4545
40
546
2898
4653
519
9857
4083
6887
9376
2415
5163
5836
8470
5192
9967
5890
285
5689
6421
1417
9824
5680
8865
804
8598
6727
2369
4334
4921
499
8461
881
7004
1203
8502
1576
8367
4027
2641
8732
5674
5639
489
516
7387
7189
2247
1470
6052
4451
6151
5683
9597
7663
3760
8095
3818
7334
8343
2135
8130
4203
1721
2940
565
4385
299
2884
3392
2267
776
1056
5623
5000
3471
2000
7078
8500
8590
4827
6414
9345
2455
8980
9664
7548
1606
4879
7344
9411
580
7962
8015
8908
4739
3230
2270
841
4526
2573
2580
6431
5732
47
1667
5389
8569
6557
5813
9297
1794
4951
3925
9374
5539
4408
2868
3409
2270
6064
1218
2619
7442
8755
1326
2209
6070
8325
7811
4710
5737
3807
4376
6785
7984
2180
9819
8674
675
7397
4706
8280
1900
8572
1415
2966
6997
6172
3479
3004
7173
1021
4526
7609
4415
8350
5578
1989
7263
6763
1393
2981
1306
3879
9080
3407
985
5116
9035
3797
9834
9494
4283
741
6427
5990
8384
4390
6875
5307
915
6952
3799
9923
8960
6202
5606
711
8382
5878
6410
9982
8835
7937
2876
3424
9504
2932
5803
4083
221
8111
9480
3131
3818
3893
1785
4291
4411
1434
4192
2401
806
16
5007
3150
9459
4857
8675
5707
2295
7871
5635
2424
3942
87
2395
9014
6156
7211
6945
3253
3055
8286
3547
1793
5292
3986
5843
8957
6676
9949
9248
7370
2490
4322
506
7098
3635
3011
4195
9125
9713
4076
2453
1029
5365
3394
1459
8246
7016
9090
3080
6125
7965
4334
6270
1618
5662
9753
2756
3009
5304
1548
6568
5283
5741
6889
3124
1170
9789
4580
320
9698
7881
1161
8844
2147
8620
8159
1585
8203
8448
9140
8939
4553
2146
2250
6269
9660
90
9399
697
5355
4706
738
3266
2887
6633
2752
8184
4131
188
9047
1896
5900
9481
7441
8662
5932
8600
3370
7919
1825
8815
8700
9415
5955
2634
5327
628
1947
4317
4982
4558
311
3695
7100
5356
9426
4395
3477
8627
5033
8348
3832
2982
9761
7805
1266
989
2765
5349
478
7275
1300
2163
9288
2008
5400
7058
6648
9600
9401
5411
3876
6142
7280
1466
6085
2177
8977
1999
995
1345
6336
6986
7060
2054
9500
2915
279
8189
3506
9517
6647
1616
1249
7558
1955
2538
1411
3205
386
4011
1684
9767
315
2038
660
1535
3786
4301
8014
5025
5206
5613
6196
2802
2679
4276
5530
4262
6092
1668
823
9198
6594
8570
8803
8374
185
24
7586
5456
632
8835
903
311
505
2626
845
5195
3158
2140
1800
620
5962
2868
5520
5454
9500
3612
9878
8898
2541
7852
9895
84
3083
7269
902
7229
4758
3887
1455
846
6199
9331
8527
5662
8632
4173
4519
1033
566
858
3288
9198
4219
4802
3505
7965
8944
9434
8972
3314
1238
9057
4655
7946
5069
3229
9303
6408
8374
3146
8343
6587
7675
2535
2166
4727
2790
7604
6048
4101
9190
579
8972
5410
2165
6450
5923
4136
4126
3787
1608
8164
4355
9297
699
3500
7205
7487
3616
3811
2245
7814
7062
2628
2079
8619
6634
7855
7341
4819
1794
9132
8289
5476
4542
9155
1572
1377
130
2685
9283
3146
3927
2146
2817
6598
7383
4183
8878
8422
2319
858
4335
9711
8584
5796
2607
4763
9207
5299
6955
7221
139
826
9203
4632
1133
9391
8420
7131
4713
9335
9722
4483
2404
9593
778
2156
7535
9126
6373
8909
9776
7689
1328
5344
5864
1559
568
4436
9287
4813
731
9911
8884
4538
8281
2730
1378
3504
8449
8331
3973
339
5759
418
6427
7221
3883
1537
7166
9285
3621
9554
4877
1260
484
5510
3811
8314
8630
2832
9576
3994
7992
8085
5660
3096
63
504
7003
6787
9927
974
7042
7356
3536
7731
4424
3763
5440
1631
8337
2657
2555
2912
7588
9790
9687
8845
5813
5769
9092
8541
5157
6214
528
4634
7598
6720
3744
7966
691
8292
994
5183
9132
8479
7927
2130
4168
525
7317
7090
8372
8165
6514
7316
6161
5517
9269
6560
538
3839
2526
3254
5979
349
4734
3475
7525
6367
2728
4566
4070
2319
1390
8364
1071
8727
1520
5692
2854
239
1591
4279
7634
9230
3255
2632
2254
8515
1082
6669
8813
4008
5089
2295
8196
4235
77
4203
8622
8417
1924
254
929
8992
1591
2207
2726
8448
2040
3131
7838
1431
9488
2810
953
9655
4661
6570
377
462
290
205
6315
2016
9849
6716
4318
9084
5835
8704
997
3601
9072
880
7359
9523
3625
9156
6606
9559
7594
6157
3501
8368
2157
2023
9491
4605
5113
2788
1581
1352
8874
4239
4448
9364
8545
802
1268
1275
3075
9212
373
5515
8279
1674
6316
9748
5521
1912
5347
7671
4963
5021
7822
182
4011
1273
6141
6731
7631
1572
5126
3454
8332
9709
7976
4384
5606
3971
9139
8758
2209
3739
3292
5132
1366
8711
8165
5519
1209
6855
3841
3949
2063
9783
4141
2740
5316
3405
6899
3613
8418
1237
3457
7276
8565
5923
1791
6591
6243
9725
566
5767
8625
122
7940
5023
3176
9395
5636
6367
5822
7805
6195
1092
9801
5256
9111
5223
5477
2975
353
6832
3902
3044
2441
2062
5953
831
8896
733
4917
5467
9849
4860
5647
9445
7978
4864
8218
7290
183
7506
9148
4645
9223
4457
2701
3770
6646
9452
971
2122
4786
4111
2528
6027
6810
8304
6797
7947
6712
3991
2471
3017
8232
1727
39
1608
1050
3132
6935
5017
1930
914
9072
4044
9815
8118
7032
2571
8072
1213
448
9435
6355
2151
7156
5208
7088
190
1587
7299
9059
168
7286
4467
7040
4749
4021
2974
8399
7374
5884
2442
6423
8412
3172
9629
6016
8090
1350
917
153
2455
8962
9165
1104
3603
6805
4309
1848
8308
304
4789
7405
8924
1453
7909
2380
5442
7125
3460
2951
9603
3892
6587
6748
7468
2070
9669
9405
3054
4674
2502
6483
1830
3003
8029
8997
4479
5360
96
4973
5934
2065
5562
5090
1056
6377
6620
5128
1754
9027
1237
5660
5926
492
2231
2564
751
2816
6096
9292
9552
4121
1481
2308
6230
8313
471
845
8664
560
2980
7435
6391
8496
4865
9869
1519
2582
5410
6000
7793
9515
398
9386
4820
3728
6122
4380
5839
9439
6441
3623
6572
8534
43
9991
3251
1206
1511
8197
25
7122
8301
5023
9533
7947
6676
8491
1206
3407
437
9553
51
4025
8123
7519
2343
363
6352
286
4905
3536
8877
9131
1757
7926
8646
2376
8425
912
7240
8009
3391
3921
5767
4916
2938
588
8752
6072
5648
6560
3472
4214
5468
9017
6568
6470
590
3705
5334
632
4552
7549
3944
9828
3503
5140
632
6804
3252
7186
1014
9205
5141
7066
3215
8470
347
4353
993
5616
585
4150
5039
7596
3287
87
3440
9146
1314
9111
1718
7862
4810
4324
198
3917
8191
749
3963
6198
2591
5288
9055
6853
9703
5144
6640
17
2108
7300
7506
6798
7166
5981
2015
4189
1458
1936
1759
8776
6322
9121
2142
8882
42
8528
6546
6355
1544
8284
1933
7978
8392
1773
5517
6468
8498
9544
901
5394
1097
6227
2816
2319
491
3216
3274
4695
471
5534
4659
1948
327
8850
8265
5306
2659
7996
5800
6179
9718
2702
7353
5581
2649
2111
5085
1215
3969
6005
6828
8500
6062
9817
1894
7983
362
5179
6974
8677
9044
6078
9494
929
9759
8311
6467
5273
4163
5062
7622
7590
6278
3774
8411
4154
4943
57
3146
3954
4049
1244
6160
5699
5847
9105
6914
3050
7273
5708
3173
2500
9939
8396
8629
740
2149
5115
3656
7740
8164
3337
918
1355
659
7177
5312
9677
5558
8855
2673
5705
2781
5400
8302
1772
5632
8713
1598
9851
6132
2636
1741
5054
4929
6661
3307
7394
3222
9386
1268
4701
6147
2592
100
5356
6298
6043
5874
5090
6011
4196
2334
3552
6785
9430
2336
8426
6885
2684
6758
1792
5094
6842
6545
658
8010
9667
9605
756
8349
1890
4436
474
3324
9097
2686
6407
1062
4671
2735
6198
5848
8062
3068
9554
2346
2098
8020
8825
3666
2038
1671
4259
5787
3471
3038
3385
6938
548
1119
4121
5223
716
163
1486
7356
3231
2510
3926
3700
2833
3282
9988
1578
3504
2248
2620
5763
7319
2036
6437
5474
4226
7453
1217
1472
2730
366
336
8429
162
3732
4748
1839
2951
1740
1494
1629
6078
8880
1221
4479
8462
2007
24
1868
3830
1838
4218
4201
6513
6878
27
5634
6062
8164
7413
3760
148
5935
4580
1679
2218
5233
168
7585
6781
6637
8125
8699
5186
4994
530
8195
4578
7354
607
8396
3676
1305
8807
8039
5902
3229
7430
1503
1253
2151
861
1864
6412
8139
7840
5548
7481
3490
7354
4922
5882
6977
2959
4644
5654
9454
5527
8541
9320
2999
2595
5797
3662
7366
9057
6425
9751
9437
1826
9395
4243
6402
5395
7698
7612
8848
2993
4063
5241
7586
4814
6181
475
6197
4952
3571
3096
7184
6786
8616
7260
1610
4354
6322
6808
241
4834
8924
5738
1787
1387
5931
6772
2211
8100
685
8576
5817
1714
9238
5640
1166
3087
9071
7131
1123
2677
3987
1923
8854
5644
7265
3948
8576
584
9953
422
8501
5223
2124
5443
9153
5070
3971
740
9252
8700
2179
5813
386
2751
5851
8305
9682
5467
819
6199
8345
7201
7090
3747
2394
5492
5203
5377
1860
9231
5564
6100
5151
8780
8691
3309
5757
8950
8743
6495
34
2742
6768
9062
8632
5476
8955
8319
3369
1580
2093
4203
4113
2024
5146
3812
9384
4165
1562
5162
4530
6165
5792
4255
3931
7756
7871
7909
2762
5184
4787
6609
6408
3232
5088
2208
8869
5821
643
2976
8848
4847
2266
338
2313
951
7209
3762
6365
234
1043
2160
4358
9685
2010
4993
6980
3397
4652
3686
7972
566
2275
5894
3747
644
8912
5759
1543
3847
4125
4911
6323
4687
4325
7000
7724
6536
8569
2697
9941
5824
7961
3922
4204
9276
9348
7175
9895
5889
4965
6637
8151
7718
8739
5146
3535
3967
7756
2334
4648
5581
1542
1559
9053
714
1259
4410
2758
8361
5783
6197
4236
3187
776
2473
4064
6901
8187
45
3680
2813
7798
9653
2959
1275
6398
2889
919
8365
8703
9817
7894
12
26
7350
315
6266
4791
8324
6788
3766
8959
7283
2957
7118
9997
4980
1199
7948
282
4111
4090
484
8748
859
7864
7650
3138
8143
8792
1289
9509
2366
7804
8590
2437
7623
8041
2988
4645
2785
8128
7337
1501
4525
7461
1007
5620
2157
35
8365
415
954
2338
2724
2242
8907
2319
5334
7321
3080
2366
8608
1402
6246
4391
5425
9058
8934
2354
4748
3810
4206
4840
6640
2653
3856
4959
3184
9704
7088
9338
5093
9973
3912
3316
4407
4388
2207
6095
4051
8960
3873
5684
5662
1387
3407
8641
801
9375
5678
6323
7190
1625
4006
2775
5750
5483
3880
5305
6222
9429
8154
911
3631
8760
4310
7755
7034
1791
8646
8052
8229
5540
6020
1335
7519
2484
5541
9816
792
9398
7565
6903
4741
8279
7173
1625
3144
9682
4881
5340
9108
3528
7766
3678
663
6035
9377
2036
1785
9919
4762
5770
5673
3375
5166
8579
5791
768
2099
854
9396
21
8942
4379
1494
9015
329
7146
7521
6032
8632
9943
5072
7308
7921
4020
7465
2484
5571
42
9055
1215
6359
2333
7721
4574
7803
899
1129
6699
7046
9945
400
8086
5325
7659
3189
7861
4763
5158
4205
7567
6487
9684
524
1053
8039
7707
9314
7765
1978
9962
5610
7355
1290
8313
8388
6701
1112
6564
5930
5953
4969
5612
3528
1319
7190
1587
6590
4718
3578
7130
8664
9709
5451
3424
1541
1608
435
1745
4733
7235
864
6784
9028
9231
831
91
9443
8039
927
9554
830
4544
4169
7147
6681
2322
7317
1054
1036
4797
960
2000
7903
3316
2529
8470
391
3688
1730
640
8038
9658
67
5144
3418
9448
6065
7965
3540
282
2366
6200
5057
5329
8162
2083
3390
9956
934
2537
909
3055
4745
7014
5196
9665
5411
1892
9726
6138
9183
5158
4426
438
4429
6109
5255
3362
1101
8717
9762
1153
5055
2195
2463
8690
6863
7246
4611
3561
2117
4319
3915
7455
3826
8311
6478
9040
1199
5875
5877
8857
2966
5630
9300
1379
828
668
5769
6279
3870
1606
5321
5399
79
5311
467
4718
1724
1450
8309
9965
3806
493
6771
1818
6134
6063
2766
429
2527
5186
5225
209
1477
5861
8256
5837
490
1616
2634
7446
2001
1524
1446
6794
9643
8487
9146
4034
7718
3522
3502
6044
6909
5407
8336
1019
6882
6538
2362
5780
8081
1243
5206
5919
9061
1589
3194
5936
1253
5926
6455
8296
4513
9364
4596
7428
7629
1336
6064
1065
2104
5618
8460
5009
319
9185
272
3070
3730
7893
7325
7121
4975
4779
3800
6558
9493
1436
31
6120
1576
2682
3724
203
1291
3872
9167
1667
1939
2958
1248
5951
7215
3638
4171
6362
2590
1934
4205
6384
449
5594
6067
8240
1063
1469
2715
8539
4430
2276
2410
5936
974
8792
6452
2971
138
7206
5395
9281
7720
6820
5080
4321
1911
346
5733
2402
8311
8083
7364
8380
7515
4279
3881
7469
7219
1550
4586
3569
3295
8171
1607
1990
1269
7563
2749
3634
4315
6561
7933
2299
1431
2359
98
8522
7051
9115
7960
6516
5190
3867
2833
94
6606
7479
1337
9491
6033
7946
2930
669
8002
9948
8915
3588
8712
4111
3249
8719
6025
6669
9624
8333
1342
9586
5595
6599
5992
5779
3615
8029
1240
5075
5567
1443
8371
6358
3457
3791
6700
8252
7871
3130
51
9283
6792
4855
4355
2818
4845
571
9313
9318
1360
9379
3320
9475
8015
1907
857
2192
9383
7066
5511
6055
7628
6823
6008
6576
3917
7534
4559
4417
1101
8852
3423
8973
740
8780
578
5950
8381
9732
4318
1032
1730
8040
1296
1939
5081
5883
6667
7757
7179
4085
5152
7218
8226
5140
1161
7553
8264
6842
1432
1813
135
3864
7937
8516
883
5837
5984
7296
1884
5974
2013
4127
5448
170
4788
8657
9255
8746
3001
9958
3319
5787
7904
33
286
5592
8321
9046
2174
880
5058
5747
3690
3681
5718
9542
5087
903
107
8723
3175
2668
5706
3224
5233
3044
5679
4423
7747
3356
2576
2871
6551
4872
6449
1584
8987
2335
5213
8361
6827
2316
1225
7624
2706
1627
5418
3838
8278
3926
9054
4324
7195
7122
9248
542
5158
9137
9357
7810
922
2414
6539
2909
2183
5224
7136
2026
599
9620
6264
5704
395
8826
6760
9360
8843
3923
3192
4872
1396
2405
5685
5855
3521
8709
379
2060
3813
8959
5929
3197
7255
7995
7495
4306
5076
9062
3386
8780
3292
4755
175
8398
4635
9222
3453
1910
4977
5509
4140
5568
5603
6818
1548
223
4968
4848
2537
832
8121
4072
4977
4806
328
5247
1135
1844
3193
7760
7113
4690
7175
7065
1517
5943
5830
6972
8243
3127
1407
9803
5908
3090
6273
4200
9695
7329
6490
4783
8019
3734
478
5657
2144
6566
6839
6663
4656
6958
6499
8273
9307
3735
7380
4673
3727
303
5561
9160
7046
8655
2178
3795
8281
4602
8441
4546
8442
6433
5045
5679
3527
4424
5744
7599
7506
2236
433
5919
6485
140
9117
9588
5098
6120
5422
9048
1537
4323
9214
2021
1330
5929
758
1657
1305
7205
279
4686
3177
6394
9763
5691
449
6227
8716
2532
3891
5938
1954
530
1035
506
355
3847
9620
4689
787
2905
7502
9021
6211
5569
8195
8386
423
856
208
4254
8984
1190
2760
5385
5904
5712
3996
3924
6989
4181
6975
4709
9029
5836
3822
9636
65
4772
1316
4237
9149
1280
1746
4427
5395
8310
5093
6421
9408
8684
5321
6929
2791
8871
6803
1770
7242
6201
741
3574
2543
3597
1810
7824
9512
8745
2553
5415
35
2664
2261
9449
9753
8666
8378
3880
2827
4834
756
8688
1710
1282
5169
4762
7296
6686
7415
808
2219
4579
2167
437
6703
746
4648
9072
2357
102
5752
4733
7014
2927
1349
7617
4963
1202
6066
928
4870
7951
9820
5421
1709
5781
8067
6005
9664
6389
7358
8880
7600
408
4991
4797
5832
9991
1197
1217
9657
1279
7480
3364
5
341
9199
9856
8022
6693
6229
6991
976
1002
137
6696
8089
2242
7020
606
1729
1305
4437
3533
8725
8439
8184
3306
3926
5519
2061
3534
8816
7630
8645
1991
5421
518
1214
3587
9343
2382
2687
8914
5285
1071
7
9198
8878
4116
2184
3970
2753
2438
4184
9293
1718
7546
3247
6345
1478
5136
6372
9524
8581
3474
6170
2242
280
8862
4256
8918
186
3385
7037
803
754
5066
7282
491
4839
5799
5681
4139
5660
8343
3236
5514
9598
2125
368
5364
9346
6820
7199
5119
4405
9332
6996
1457
5972
1305
3344
8996
5683
643
2779
6832
210
9543
7447
987
4929
5192
1286
5303
220
458
2899
1072
3051
7628
5813
8265
8904
825
4200
6122
5772
706
2638
9345
4525
7010
4554
2506
1606
3991
6116
6436
9121
6914
2624
5177
2808
6738
9153
3777
543
426
3410
5564
1447
6660
4397
9091
5428
6425
764
5202
5558
6408
5876
6204
3677
7575
8074
2835
5070
8530
9973
1290
9755
2694
3338
5154
1768
1490
1902
309
3280
3826
1902
42
5950
7328
1410
1294
4112
561
3927
2707
5951
8417
9764
2784
1762
3475
6508
7501
9928
575
2105
6705
5165
3729
1889
4337
716
5763
3738
5808
2716
6720
2129
8854
9918
9581
7744
8150
4746
3837
4182
5144
2754
7657
7943
8312
4087
4305
1452
7073
560
554
1709
9122
3874
157
9554
5123
7762
1409
1041
1500
8461
3182
6025
1019
1505
2854
7188
2023
9005
2057
6179
9374
7196
7644
5404
976
4536
5454
2742
7070
8594
5488
5660
8170
3318
4712
6343
6996
4724
9145
6942
1703
8273
2009
8768
5414
4516
8872
5146
6318
5590
1473
6747
1761
4233
4999
3245
5636
3266
7622
7606
158
3434
6653
4195
8470
9398
2108
2573
1136
2895
790
7245
4539
6996
2653
1220
8194
2275
7646
6829
8166
7856
7809
971
204
4709
6886
3062
5872
7856
885
9912
8750
6659
347
5278
3153
5853
6710
1361
4546
2558
7397
3164
8102
3456
8438
5871
9564
682
9572
4042
2731
2119
3460
989
9372
1436
9908
3460
5025
430
9847
4728
8729
6586
2088
3815
3623
6919
6642
8333
9047
1871
7921
8100
7267
1603
4416
1919
4544
6180
727
3324
8377
215
5768
3935
3405
761
397
9826
8865
2825
632
1090
1677
3995
9440
509
8196
3456
9820
6735
9530
2204
5799
3011
1359
3240
8167
1150
8490
6431
4130
9984
2508
5437
5351
6107
5338
4537
4398
2589
4558
555
8020
6562
243
3426
4494
4730
8868
6005
4544
2577
9096
6498
4994
7701
7060
9596
1335
2954
3093
6837
1634
8897
9216
5555
6335
1695
480
2984
9986
625
3955
7410
775
820
7306
234
6878
3258
4259
7665
2138
593
6157
3261
9486
7989
7584
5305
8828
8382
8894
8963
834
1196
4769
3688
6634
5157
2859
657
4693
3961
9532
730
9821
9268
6508
8624
1005
6698
558
8496
374
6585
8292
9800
5880
8688
2621
8653
1457
4149
6384
7380
9774
1372
4092
5301
2965
8027
5494
9794
9732
2577
7366
7309
4737
2030
1174
32
70
1878
6064
6911
8127
2471
1850
5696
1211
2578
8073
6804
4356
3933
3752
5830
7747
4862
2380
2248
6732
3963
1166
9333
394
9094
9227
7289
6625
8383
8131
5190
5365
8153
1844
9
819
3942
59
7393
2115
7893
6687
7288
719
8657
7682
1683
7404
509
7581
5644
8283
6467
2414
6855
8660
8372
7945
6777
8343
4801
3680
1949
6807
1584
8696
778
604
7297
3234
4791
957
8984
6587
151
383
5021
8089
7960
3910
806
4491
3885
9342
7422
3795
9844
1853
6534
6474
3050
1248
4801
8937
7859
6888
6662
1160
590
3016
2550
5741
4366
8852
2901
8826
2444
8321
9372
2266
4592
2700
5252
6066
4103
161
4775
8905
1623
3634
9609
3068
3079
3768
7804
6377
9186
562
376
4190
6930
9985
1104
2213
3473
6469
4568
1190
6211
5135
8876
257
8057
8746
9604
8110
7943
4848
8348
5068
4862
8334
7944
8138
860
123
8028
8589
4823
4788
6657
1479
3457
3908
7818
9721
1182
6315
7758
2669
1657
7606
7208
8698
381
8205
1890
2124
8760
5062
2888
6439
6099
8445
240
4641
5493
8181
9710
6337
6638
3991
3981
7248
8135
2685
4130
2835
6511
3747
3011
3354
25
5698
3772
9536
9097
497
9849
5175
567
4593
2903
7479
9603
5452
3356
5563
7119
9218
2223
6128
1058
1673
2538
6980
5585
2152
2851
8159
6976
7576
9474
8649
8959
558
7572
9103
5753
192
4069
6987
1102
9595
7445
4023
1433
2998
1737
1286
3476
5054
1641
6151
3456
7813
6306
5407
1017
4897
5657
2842
895
6694
4503
7030
5816
7096
6364
5589
3609
3800
2676
2292
2059
9713
2205
7300
4595
1511
4498
2284
9043
7093
3978
1714
1876
4296
2817
7773
8398
1060
1568
528
5398
890
5551
1293
8862
8619
3168
7804
2820
4469
3599
2158
4378
6624
621
8378
9803
8812
8356
5227
5605
1794
9452
1885
8282
2493
9844
7530
3017
1869
4340
3309
1858
5791
4150
522
6432
7682
7244
1536
1287
7250
4500
581
7045
9938
4048
2853
1118
8529
2810
894
2712
5347
2893
2802
9022
5217
1398
6499
7352
1511
4497
1932
3375
6593
3255
3786
1255
891
2300
6127
6638
6619
6879
4646
5562
404
9186
5840
8008
2736
2241
4545
2263
7474
7063
4896
4571
7183
5252
6738
4854
1744
2163
7418
4265
8621
3039
2792
6401
9088
1052
6995
7397
6445
4187
9947
6484
3298
4575
983
4036
9576
7301
2577
270
1740
8472
5953
6862
4435
1658
4069
799
8482
2646
115
3371
319
5321
2496
8152
3134
8904
4616
6360
7747
5765
402
4591
7224
7043
8824
2112
7922
8753
9992
7353
5934
1515
6210
9411
1338
8995
7895
3775
2074
8358
8274
7619
370
5762
7150
2379
3442
6557
8507
6674
8777
5848
9798
4120
4049
7226
6349
1766
2444
6145
4852
2629
8818
1579
1183
6790
2879
2379
3492
3283
9429
7007
9604
1147
5362
5509
3358
2307
8614
3621
6968
2832
2076
2049
3139
8154
4251
9632
8739
4755
8418
9746
3663
2813
4389
4470
979
7026
9135
4735
4248
9734
893
4365
9509
2928
3467
6959
3980
1678
5143
349
2523
4494
1959
5131
2437
6673
1505
9889
3237
7283
8814
1904
1991
2014
611
455
8299
5109
9509
8123
5551
4340
4399
4252
544
1725
1370
1675
1877
2951
801
5649
1359
6040
3575
2035
6889
8042
3758
3834
6032
8785
1967
6134
3991
1203
8360
8154
6563
361
2909
3754
9446
3162
583
6744
5858
480
9915
662
4371
5354
7199
6990
6705
2601
3335
8309
1961
5759
1536
2021
1264
7210
686
3057
9180
4727
3087
6698
3078
1146
6628
3337
7287
4563
833
765
8310
8979
3945
3148
7684
9876
3343
8350
2557
1822
8084
139
6643
1230
145
543
1280
42
3721
7580
8944
5689
8454
8677
577
9110
3046
6275
8704
139
6184
8551
57
8531
864
424
9251
3152
2940
1822
1214
5747
7529
7684
9474
851
3582
916
9021
9117
1372
5636
2049
2818
920
9462
5423
615
573
5492
3964
1631
9146
2867
8631
7883
2444
9142
3660
2890
5409
5627
6833
8436
5410
9754
6386
8296
3283
4512
4355
7407
9921
8644
8249
816
768
7449
8094
6779
2295
7354
2647
3065
2850
427
9836
3721
9002
7779
2956
5710
5116
111
5361
1005
284
3449
6511
4779
8572
8768
4301
4315
2807
1993
9830
8542
571
6906
1016
5420
3440
3727
9374
8199
8411
9964
915
1463
7766
8091
6781
1241
4423
9351
492
6857
2338
558
4262
8967
7365
6990
40
2814
9783
1246
7603
7016
4550
9973
1513
9590
3843
975
7595
1173
8802
6499
7577
7122
2667
5145
5133
5798
3087
8976
3419
9877
7937
9029
5729
8521
6810
8999
3216
3332
3775
6960
8604
1627
779
8566
9406
6263
5596
3799
6924
701
2820
250
7897
3926
1973
2345
7302
433
4176
9460
9309
6461
4788
9321
542
475
7831
6440
5376
9481
8299
8986
4478
7794
1719
8137
5939
1721
8391
7762
283
5725
5435
7294
2656
5535
6401
3272
7078
9639
5510
3889
5932
4029
3079
5703
8856
9468
4071
1499
7653
9593
934
3977
1683
6377
3814
1338
2084
8745
994
1261
1766
1760
2836
3788
3498
7544
6954
5682
7784
8883
7501
3074
2533
3504
4407
9034
7451
8581
9336
6654
4395
1039
9948
7785
5913
7821
6356
9893
6284
3331
3110
8067
9032
7891
8443
1118
4818
8414
9596
1506
6281
8209
6641
9602
5459
7331
1263
3423
2851
8851
1316
1595
813
9416
8858
2949
5627
7112
4957
7318
9687
3203
9745
1889
1822
9872
1724
8274
7942
445
6820
4421
3155
6557
9854
4655
2260
5922
5260
7073
4364
5043
2745
8352
2696
3344
5083
7433
1685
9241
1452
1609
2707
1268
542
7043
5826
3877
5283
8786
1039
177
6173
7062
2820
4852
848
8467
2417
3417
377
4429
9683
4672
2609
3591
5543
5762
1003
1026
1507
2633
5711
1611
10
8163
3370
9380
3618
7294
2987
9356
7436
9782
1092
5810
2502
9809
3810
7900
4793
1748
482
6030
4866
4119
4793
2766
7656
7324
6407
2300
9329
3349
1169
2278
4953
3388
8432
9552
3768
1925
6242
1291
727
1527
8692
1572
4791
1104
4386
5077
6294
6846
7284
6017
3367
5410
6653
9680
5349
1816
7930
4050
2748
650
9565
4695
3387
6475
141
7605
7842
5192
8723
4570
2876
1345
5274
6377
2722
5486
1770
8538
7253
324
2554
5585
8365
2671
5145
6008
2122
5315
9889
1056
5486
7908
8464
6746
9613
2972
8700
2476
987
8322
2777
5543
8057
6416
4320
6781
6531
1669
7143
4518
609
8834
9025
443
5216
4778
5593
8948
3604
6553
1975
1859
8213
7725
3383
3004
1707
1530
8505
1075
1471
6064
2529
6429
2296
5503
8565
7674
9431
1236
1334
2631
9815
8900
9076
7866
8028
4029
2473
1647
8207
2901
3065
4615
6396
1459
5532
1751
3584
3922
849
7798
8155
9868
8648
2919
3462
4252
2658
2911
9512
1124
8945
2488
1363
246
2223
9515
2702
9142
9317
7172
39
7445
6354
6151
7279
3761
9580
7576
5498
8864
4255
784
1625
7060
632
1827
9630
4049
854
918
3380
2259
2533
7557
2384
4723
1215
1146
6928
1680
4152
2433
7399
3555
2366
1328
4714
6115
8787
1916
1266
9712
63
7678
5031
1715
2782
9532
621
4091
2586
1595
7798
1532
8654
4426
3819
4552
5167
6322
2880
328
7840
7649
5420
3260
3418
2077
7578
1878
4749
7405
2999
5965
4830
2843
3984
7878
8374
478
2511
7958
7660
1851
4009
8971
5032
1187
4064
753
4012
6079
2393
8600
7815
4704
7937
7707
6769
3099
2649
8293
7350
2073
1731
1348
5144
9364
751
5304
7644
8356
7887
557
1911
7010
9004
3804
6766
5692
3722
9945
5393
4351
5783
7694
2027
4698
5267
3182
3823
4405
1765
4732
3657
858
6370
2993
5607
7092
4819
8613
4924
8972
2858
9710
5304
859
2280
9228
5422
6577
8006
5934
3002
4875
326
3717
166
9098
398
5567
6129
3352
3433
1431
4452
4270
9506
7200
1130
5608
3141
9785
2161
4161
8859
1619
5098
6979
2394
6198
9986
7934
6720
1418
3588
9281
610
5466
501
3486
957
3195
9315
7168
737
4451
6049
2607
6109
8061
2378
3916
5826
3121
1721
95
5680
2873
2266
5061
6991
4982
712
7439
2707
9082
7291
3949
9496
3880
356
2321
1486
8014
4767
3080
1689
8555
6926
27
7215
5491
3653
2475
1639
9080
974
2866
8467
6331
9331
7694
7202
2905
9290
6496
7884
2810
3001
4394
6355
4747
8543
9007
7018
7027
2772
6236
4109
1595
9765
3228
2854
1535
8519
7377
6095
8698
3470
470
9600
5303
641
7545
2958
922
150
4653
5975
3685
4348
8437
2270
383
9682
9684
9552
3000
8923
5225
4842
7760
3715
8224
8188
541
5146
1451
6677
5124
8243
3703
4420
7143
3121
5827
1602
8965
5382
1442
6479
1657
8816
7833
3463
8209
3177
5964
7706
8951
7410
9035
666
7860
4772
2546
7149
7737
1181
6565
3351
3024
7466
7233
2891
552
7566
1287
4695
3895
663
860
3457
1856
6672
9507
4377
2764
3135
451
6565
1101
9461
5261
1787
6598
6372
8366
7270
9790
5609
26
4433
396
6016
7696
3233
7702
9605
9538
7322
9738
5877
3957
5545
6711
4792
782
6289
4748
242
4038
3420
1957
4062
2459
3368
6863
9055
111
6723
7418
4748
7846
461
260
8303
5617
8657
6541
3905
9263
6408
1484
9436
1498
5378
5417
6645
5159
5577
5261
8221
9503
3692
4557
5612
98
3293
6557
3041
1107
1616
9975
2402
5622
6137
4754
3508
1646
4440
8744
6158
5115
7867
6697
2583
6487
7545
20
8114
5610
9279
1532
8603
4187
8161
7791
1256
2654
7974
5019
7174
4837
3608
3042
1557
5334
7551
3460
7130
8388
2562
5140
4793
193
1969
555
5764
5817
8649
1682
6780
6658
5837
4324
1033
7206
3206
4648
1392
490
9792
5749
8890
3345
9672
5158
6484
7057
6541
9781
9999
8431
2090
429
3981
1694
3877
608
2270
4618
5776
6272
5149
4923
8545
5889
9043
8444
4120
2484
7152
4755
7173
4151
7032
4723
5820
1329
8
9428
2222
610
5486
3371
8077
5375
9207
8718
8627
1299
992
552
2727
1898
7348
1154
4182
5952
550
202
6835
3503
6578
2708
3603
6974
6510
5158
1087
141
7679
4890
4110
278
4994
4581
7142
8293
9538
8780
8712
8209
3064
8093
2781
3995
6235
9778
5289
4588
8412
7098
4610
3620
8613
3546
1029
5957
8502
5480
2782
3063
4277
7344
665
2509
5433
6599
6978
5773
3274
6484
1502
9365
2064
54
8140
2369
1150
6297
9396
433
9234
5801
5842
6000
7650
8176
2199
1289
2637
3076
228
2075
1797
2817
9420
5715
3885
638
9837
9169
5964
4547
1987
5323
5285
5456
7105
5782
5145
2320
6484
9436
8579
4900
479
6751
1319
1379
5637
5620
6479
1142
7886
164
7899
8890
7937
8869
9804
7063
3586
8446
7075
2389
3585
9023
579
6389
1336
2967
2025
4677
694
7047
1853
949
260
6109
8832
9678
4955
6132
6857
3306
616
3935
5012
791
6
9085
2640
556
1215
6255
3628
3429
2390
7245
3190
5011
3660
7663
7466
9460
3781
6496
8763
2777
270
9077
6200
5246
4454
9860
5925
6396
206
24
9899
6114
7254
8842
6870
1691
1677
5026
6130
9136
2189
8066
2762
3044
5978
6428
6982
2024
6605
4147
2504
4797
793
4261
267
7407
6352
2481
7311
5065
1211
8907
6460
938
5997
4773
5290
5646
11
9569
2418
6241
3987
6393
2219
6822
413
9400
8236
990
7770
8106
8066
1275
6704
9447
9478
8284
3367
486
4037
1723
1708
2644
1012
3609
2087
6236
7816
5571
7843
9049
1910
4357
5234
911
3045
3204
562
4096
3701
6305
4760
4867
659
6785
8112
8216
6292
2401
8326
8447
1234
2927
4428
1902
5262
7099
4897
2746
444
2148
9650
5541
7773
4055
3560
863
6212
9961
9637
144
383
494
8708
9321
7864
1385
420
2099
9985
8667
6553
3448
4290
9313
2552
2199
7175
9981
9989
107
4177
511
9283
8179
2320
5348
7631
5316
1267
2579
3297
5284
1782
1264
8009
1737
6366
7393
1050
5910
4618
9014
8813
8254
4368
2797
1548
4953
474
9739
8225
2844
9653
7950
6019
7533
7501
2039
8741
3901
2832
9981
8307
551
8660
3524
8146
9053
7935
1700
8283
3899
6570
7533
9724
4219
5018
8271
2835
8704
2980
3632
8272
1671
3490
8975
4398
7472
8624
2013
3173
5555
8085
9507
1543
246
6664
8293
6029
5027
9064
7101
4070
1791
7246
7341
2276
366
4138
7972
9850
554
2640
5545
6238
8091
6694
9277
7231
5368
8692
4209
9883
3348
4367
2576
1993
4861
843
7504
4997
7399
8901
9994
6245
1662
5345
513
511
2192
9869
7766
3357
8705
6042
4161
8839
9553
7611
2579
643
8017
7749
3424
9908
9067
2235
8658
9460
5016
7163
6385
1511
5667
17
5318
6469
547
8768
6693
8315
2879
5487
2338
8904
6994
7327
5109
39
9863
3167
47
2278
7670
1888
5446
954
229
6867
52
5316
3890
3492
914
9933
5893
8298
8684
2178
396
8918
5719
835
3414
2684
7701
2838
5113
6874
5504
2043
280
1132
2444
9651
8373
96
9886
203
7804
5876
6610
1031
1609
3105
9346
4405
6232
251
6698
1543
1619
47
8912
9428
641
7632
4617
8579
8114
4039
7871
4477
2080
4191
8629
8967
1464
7938
8068
8642
14
8170
2344
1319
1639
4030
7723
4217
3016
2143
7291
560
8805
56
3455
2760
6813
7063
4636
6861
6072
1427
4573
4155
8059
1524
4920
5966
8683
960
3077
3482
4950
3681
82
481
1977
9144
6762
7223
6626
3860
5419
3147
4749
5516
9069
8733
1653
3613
7976
814
5865
6042
7159
9376
9142
7591
1728
1699
796
3993
2973
1426
2097
7924
8012
3616
3754
8330
9210
4042
8033
1876
5126
6194
169
9911
5081
7149
517
9422
507
8674
3919
8199
8920
7640
2636
7491
121
4931
4757
6519
6295
5283
3498
945
626
3473
984
7872
5735
2062
6897
1420
4264
8450
9971
7862
5197
4966
1417
7925
4207
391
7430
4742
6013
9664
1946
7766
5663
7578
1811
5830
6144
1450
3821
9330
2496
1360
9613
1911
6702
8480
1151
5992
7469
4358
616
9045
1845
9587
846
6736
4146
5495
3980
9891
7201
6802
7114
5531
6766
5955
3186
9778
8307
1812
3846
9909
3746
7464
7590
1002
4491
5834
6502
2420
5312
9963
1332
9854
814
5680
3871
6009
9758
1230
5835
8635
6753
4780
3050
8589
3026
1419
494
7432
2556
1772
834
6388
1876
8630
8015
8406
9689
5642
2
4220
895
941
6418
3824
1923
858
9512
6014
7233
6538
6305
8698
9609
824
469
3754
6183
4926
6306
1092
9881
3661
8796
9693
9058
3909
8707
7814
8773
6411
831
2252
1669
7416
8704
5316
945
7707
4854
2889
7142
8053
