7360
3459
2099
9760
5792
2297
437
7863
9684
8485
9801
3872
7565
1057
2571
9752
5316
4383
823
7457
731
4047
1635
2889
6607
7669
4482
387
2304
5903
6382
2060
8034
6877
9786
4717
716
33
4922
1479
707
6622
585
741
2090
7174
3294
5107
7104
244
851
7748
5182
5169
7435
5304
3924
6842
9990
3283
9223
5959
2716
9122
4721
703
939
7569
2061
5184
8806
96
6997
6914
6914
7995
2402
8052
5991
5760
6087
7671
2040
3299
1491
7967
2425
9493
2506
5537
723
8490
3462
4141
3726
6769
7863
4822
7491
1607
5020
9135
8899
2460
550
638
1522
9262
9504
8662
5041
1164
5364
9812
4147
1802
6229
4084
8854
3931
4093
2068
1652
1076
666
1055
9647
6357
7154
6684
206
7482
6280
8557
6912
4743
7442
4733
5427
3722
6737
1977
2696
2530
6147
440
8830
357
4177
4797
5280
5159
8473
6065
1237
9774
2527
4374
8091
6713
6877
5023
2888
5480
4347
9573
5750
5151
7317
3707
6530
8891
6208
2953
7304
2255
7025
9693
3894
3568
6547
8502
2242
5812
3818
179
561
1538
1552
5681
271
1866
1060
9531
8365
5804
2914
7634
7363
5261
3707
8468
6539
5214
907
3505
7486
1854
3192
3249
7575
1576
4022
4746
8569
1183
2348
2535
9766
3357
9786
75
8614
3795
8499
2235
9273
722
9065
4913
2051
3711
6753
9573
4282
6861
924
8671
566
1308
3702
3088
2940
1735
4679
1223
2704
2611
9372
3368
8318
9483
8713
4303
429
5552
6774
9434
7912
4853
6395
1374
945
7553
4177
105
7355
3525
4415
6589
8715
565
310
2500
6931
4826
4961
8247
4660
3181
6021
6050
695
2264
8649
6730
4847
351
9657
743
4421
5427
1093
8084
5497
286
4665
5676
6505
7602
2545
3192
6649
692
4468
5403
6679
7486
9186
7015
8400
9177
6179
4193
2251
1104
1077
7704
280
8313
2697
4091
4974
7975
5635
8673
135
5939
4900
1354
7410
9536
2942
8955
3388
4357
3212
5424
3299
7533
7379
6291
3904
4786
8866
9362
6039
6912
2233
2708
6917
829
1249
676
9229
1997
1920
5727
9225
4411
2654
3824
2609
8556
2546
4004
9217
8789
6714
2816
9317
9988
6371
6519
1681
8100
5886
6751
9687
7378
707
7548
3505
8228
9388
4925
7808
3825
1081
4523
8952
9907
2596
601
8817
6160
4376
5277
7652
3472
3915
2214
1671
6800
156
3310
6702
4828
7507
9719
9703
6803
2509
3866
8233
7773
9513
1570
8081
1343
1657
8865
9874
2646
1920
5297
7232
5001
1933
163
9776
4785
9817
4446
2950
5627
7851
117
1267
598
7998
3091
5843
6752
7459
2795
120
7537
7281
9760
3629
9555
1053
732
5458
2721
336
8997
9208
5924
1164
7730
3713
7396
1682
9188
9150
4915
9292
6632
3773
8269
3785
9921
8182
9491
2226
9067
6522
1679
81
5906
2016
6121
5233
970
4677
8047
9054
1456
3990
7691
8178
1830
9988
5174
6065
2740
8363
6258
3626
4611
6152
1950
3234
4316
3566
4026
902
5141
8316
6065
2598
6404
9878
5037
3457
1205
5318
4589
4136
1934
3702
5820
9115
6394
4852
4259
2050
3691
457
4006
7314
5777
2879
2500
6340
4880
3814
9503
2363
4726
6601
7987
362
4499
7275
2171
2328
9513
3105
8791
9785
2555
3908
9505
3058
5307
4909
6726
5201
8420
6868
9322
3359
8911
414
556
9691
4362
3993
6623
5036
5499
4510
6370
7835
1609
2875
3407
3811
836
8835
4040
6814
6020
9676
360
5220
8933
1468
1820
539
9900
2328
665
3598
905
3617
97
404
5316
7301
6423
8582
8509
406
4986
3524
5509
3938
3701
9037
4913
6728
412
2945
9236
6394
9371
1405
6292
5372
352
2586
8093
225
3329
3979
7003
7189
7904
9913
4685
2580
6242
7445
1259
9838
8998
9505
7424
2668
8874
5139
731
8090
1024
992
6967
9610
1896
41
6468
6970
2335
796
133
7194
9725
3841
5825
438
596
2152
8030
9267
9291
8612
5695
7121
866
1758
4359
2644
3720
6929
2143
5383
6256
1573
2218
7735
873
5363
8496
1153
356
7452
4672
1473
8040
5485
7350
719
4042
1580
4453
7934
6944
8544
8119
1083
7691
4904
8327
807
6380
7954
4457
4987
6471
190
8392
6735
1852
1943
9541
8350
2668
9190
6136
3056
6112
3147
8263
3852
5885
4784
3181
7185
1915
5124
5645
4089
749
7625
924
4114
3746
5587
3268
5217
8834
3174
9261
2956
2460
9427
6015
2475
6483
4646
9515
2212
8128
4967
4032
6729
5722
8163
5170
8856
4986
9854
1997
9814
931
2623
1168
5263
3943
1840
4141
1029
9100
9
9637
5244
1924
4017
7706
2135
36
1128
4916
746
2212
4492
6461
5267
284
8350
33
9695
9096
3991
4453
7822
7322
9957
5857
2283
5253
3493
8177
1268
3857
8996
333
2489
5986
1117
3777
3243
5931
4713
1023
4316
584
8694
3386
5366
8160
8734
9044
2161
4144
1422
5391
670
1677
9383
9658
9890
3193
7261
313
841
8559
8337
992
6816
5377
3781
6369
2198
4885
4771
8201
3863
1671
1875
1266
29
8578
3184
3353
6300
1056
9933
4184
4977
3337
8913
4071
7408
5664
8740
1636
1793
6127
9758
6394
3149
2525
4195
6198
6945
9933
4756
6845
8087
7503
8909
7906
5156
541
1390
972
2491
5603
2865
9228
2324
3561
6832
1541
3057
1780
4504
5357
8359
3120
4710
9688
7116
5473
3683
1852
3882
9281
1879
9159
3271
5755
7904
5494
3128
1565
7782
5447
9865
4197
2005
5591
9650
4074
1822
3839
1969
4323
4451
5855
9975
923
1348
1797
8393
3547
211
4991
8188
4890
5752
8756
7685
727
5034
121
6948
5007
9347
488
5603
3218
3431
2932
5704
2327
5609
321
1644
8439
8129
3287
2990
9231
5047
2349
3328
6710
3581
9114
7284
7142
8756
1919
9804
5327
9589
7849
3124
511
3250
9915
3542
7350
7424
9041
7121
8957
3708
5735
8301
8558
9552
5713
7367
3478
488
2188
3004
318
845
3290
9485
8881
2533
340
9223
1983
398
1968
4165
3992
4429
7338
1772
9821
9455
7160
1369
2087
4099
2494
2434
5330
8682
5032
9518
3740
5540
4703
4235
2495
3057
8635
8612
4454
809
5519
2340
4563
9632
8571
8866
1687
5697
915
5090
707
3470
3653
269
306
9546
1681
9029
1473
7771
6794
2832
1246
4952
8737
5992
7029
3986
8809
20
5570
5626
989
717
3816
6216
7782
3160
1031
1339
7137
5492
4308
6250
2038
8616
5882
1485
1100
6051
469
5313
1921
6089
2567
1103
3966
3230
780
4783
9615
825
8496
8022
5257
9631
8280
2161
3420
9698
1829
6982
1456
6574
9308
8542
4645
551
7722
1081
1244
1113
3356
6598
5146
5108
9796
9300
6914
8986
2832
1538
1674
2496
6189
6712
8111
247
7904
3785
8203
701
5324
1086
2413
6107
7879
87
4432
1973
7278
8328
5595
6529
7297
4726
2656
6749
9217
5541
378
6569
1805
9608
1382
1284
5412
9452
8459
6559
3004
7738
1149
4004
2617
5407
1779
3209
2977
5889
2400
8942
9603
5496
6968
2568
7775
5390
785
8976
5961
9630
9841
2725
3151
6381
3055
1842
674
2287
5658
4084
9704
8400
4047
8851
7207
5317
7262
6643
246
1911
8948
1183
9237
2388
5468
6250
5284
1162
6871
3146
3513
1833
6003
7259
5554
3500
5713
6917
1266
6059
4007
5074
5185
9961
1068
4887
1603
5453
2171
7588
9746
6486
1639
9683
4767
9464
9797
6579
219
5222
1983
4247
9196
7475
5245
919
4482
6594
2935
4825
2417
6350
5454
1140
3057
1614
5682
7115
760
4273
2100
9898
2289
1146
9732
2231
5646
6432
2878
862
1328
8925
4869
7954
4638
6009
2554
7029
3084
9050
2766
6523
9546
5139
3580
4040
5845
6766
587
539
9459
1247
3175
6703
3023
7294
3256
5750
4845
6937
3523
41
1423
6108
9653
6455
6557
8150
6038
9504
6586
6002
8802
6934
2986
9542
3900
4809
298
9683
8724
1716
5696
2946
2848
3568
2201
1231
3295
4684
8361
6829
5264
639
8531
5951
3818
5683
8050
6422
2958
6502
1337
6003
6991
7639
7693
4979
1114
5650
9802
1690
2713
4450
3546
5414
1177
5289
8729
3257
9780
8070
2317
1370
7442
315
9722
2321
6289
369
3996
4709
988
6802
53
6572
4304
169
9646
950
1474
9233
9634
9407
2533
1455
29
855
3856
54
3612
7015
1189
5359
1510
2235
8052
7210
367
7343
4854
6989
1284
399
1950
9935
763
5527
4067
8904
7369
3004
1409
8032
3903
2397
6358
3946
5222
8833
7600
7379
4286
3734
924
1876
7439
5340
5331
1129
670
5908
4757
6164
8697
5409
2528
5530
4789
9025
5170
5393
5547
5423
322
3788
8843
289
3142
9756
7313
1793
6214
2460
9916
4002
8310
7488
3061
361
9081
2162
9395
6173
5561
369
9861
2629
6636
3568
1952
2565
4042
5103
2816
2125
4113
7953
9828
6470
5666
9523
6185
9554
1853
8765
8400
5382
7215
4095
803
4591
4516
7506
5802
8422
8240
3809
7604
313
8304
8443
3993
8816
7926
7359
7187
6257
3819
363
1764
8553
6277
9514
3019
3663
4257
8929
5160
6623
1986
8094
6358
2136
4895
7477
1487
5195
2548
7471
7747
6344
791
4888
9674
7342
4564
412
7409
9895
2267
7142
3337
5414
1197
7918
7474
7078
8702
8486
110
7705
6428
7064
9385
7586
3031
8903
430
9911
850
8360
4285
7870
1758
1219
9057
4923
3998
8883
4661
683
7741
1422
6526
9241
3060
1562
2651
6403
9344
8710
1952
1071
9273
6154
1753
296
5239
3124
836
2167
3989
3782
3199
5287
7247
9160
392
6834
2321
9854
8428
5738
9997
9519
1598
4973
1079
5963
5873
5808
4804
5007
7688
462
4453
7615
3634
3269
9563
2311
9643
1526
9275
9816
3877
640
8200
9923
5245
2240
9305
9580
2705
1678
8008
9109
7511
5695
4850
1340
9953
1754
9141
5483
532
4578
2460
6388
9023
8072
2927
7566
7888
689
8494
9415
8346
8611
2133
5103
6234
7152
6209
9782
1793
7333
1001
7451
1428
954
7665
6425
6630
4798
5200
1287
334
8342
2729
9908
5340
6090
2432
1812
8863
5396
2635
5650
3530
7342
8160
2074
6653
7599
182
2682
3719
8922
9212
8783
5408
2667
9823
2831
4141
4903
2272
7135
1332
4535
1834
6539
6231
9608
7464
820
5236
58
3118
7154
5906
3724
3671
8655
4465
1433
596
3860
5952
7913
9006
2699
1273
2318
505
9097
7905
5729
8961
2783
3489
9248
9049
1878
9257
2751
1366
6203
8028
7297
7714
6133
9182
7577
3397
9577
4657
3049
4807
5599
631
542
410
9004
6410
3854
9643
2468
4399
5128
8479
915
7504
3246
3010
3808
6800
3178
3091
3958
2785
7922
7701
4934
1545
2065
8247
3173
4091
9452
315
9959
6553
9877
1724
847
3983
584
6593
5755
3554
9080
9270
7991
5999
797
3171
8005
3736
7301
1949
2143
3968
4700
1457
8690
8768
4880
5719
1616
2810
5582
939
441
2562
491
8304
7838
8676
1416
7862
7595
7175
1965
9699
6791
9433
6169
5990
3138
7372
1660
6927
7763
4646
6553
1059
3012
4174
5667
9139
5972
2569
986
8453
672
9453
3914
1251
8534
5076
4745
3400
9422
3994
2036
4545
8270
9961
6781
392
2994
9577
7003
4629
9134
1821
9381
854
4105
6224
5972
2119
8462
758
7645
1875
7225
9638
5760
6624
67
2413
8984
8417
435
6150
4984
3805
778
5437
246
8901
7234
3050
5694
3436
3932
9651
4494
7144
1100
1073
8273
6301
6698
7068
9955
6817
8383
4506
5384
8083
2544
2874
6145
3645
211
679
6485
4929
6565
5120
5487
8041
4605
8844
3714
8287
2600
178
8238
2675
3641
6526
7397
8115
6196
4615
7751
9661
3518
1301
6398
7480
1675
871
9359
4906
1084
9466
1767
8443
2013
6222
2213
7119
2080
5322
2337
8858
144
8311
5602
9412
6285
3666
9260
9620
8392
1107
9606
5553
3011
9458
6079
2396
9679
7648
8863
1922
7354
7979
3338
6055
7164
1475
8932
4517
1862
129
6169
4713
7055
671
1365
5175
3427
6106
7539
1068
9633
1756
1052
6522
4057
5646
85
7162
775
3185
2045
9155
8712
5173
7626
255
6959
8347
9576
1413
7963
1837
7333
8441
3088
7861
9812
4215
1176
1634
6580
4984
3101
6702
2132
8132
7148
1908
670
6239
8609
2630
1828
6823
3218
2181
1412
1953
2722
6450
1116
9371
9708
8249
9537
9413
5585
1300
3754
6002
2455
3237
8733
2643
7926
3013
9883
8011
3033
8736
9380
3781
4727
3547
2769
426
3669
1222
3650
8648
9121
9556
6269
1717
1284
2497
2890
9993
7116
7386
3061
5234
6348
6991
616
9497
7594
2013
1084
91
9276
5024
1237
9338
1574
9581
1024
1146
6220
597
8978
640
312
3789
9078
3357
1744
386
2234
1554
7550
1489
8847
1140
8788
9453
163
5703
9315
1186
4405
847
127
9293
8124
6777
3835
4934
140
8513
6867
4493
1887
7782
5203
8665
1812
7104
4699
2824
3535
4699
4627
9287
7172
2340
2074
9083
6249
2887
5262
8832
4704
1252
593
8630
9061
1359
9824
7027
4370
4908
6663
3339
9061
4261
9325
2548
7571
4794
3057
8558
948
240
8951
1703
8402
3821
6683
8116
8150
5895
4903
1283
377
1542
4619
8069
509
8151
6642
6448
1454
1255
4660
7210
6032
4873
4756
8122
9614
2199
3455
3760
2069
9789
1014
3405
7011
7724
5426
1300
8535
8195
6363
2999
973
6288
6539
2150
5566
4941
5373
7657
7515
5614
6068
4247
2813
3790
7587
8759
7346
7795
2080
6635
1982
1695
8300
9508
7875
6109
3675
9416
870
7669
2531
40
7032
4176
5005
7062
2950
7437
1804
9819
4006
2028
853
9549
6678
7649
9925
5719
3483
3561
4657
6859
1835
241
7813
2186
2191
9420
51
9788
6593
6891
2686
8306
7366
7008
1803
1168
528
6131
3677
2032
7835
9439
9299
2601
8393
8301
7431
9894
8004
7750
7949
5579
1752
4655
3405
74
7171
6933
9525
763
467
2145
5079
3393
3154
8141
6820
7073
392
1116
8859
8565
6245
7329
5305
5175
3825
4479
2453
8977
6810
1574
8128
3080
7202
565
8527
6640
651
5603
4286
2930
1112
8561
9626
6850
7721
1906
3537
4901
2954
9252
8161
503
2049
5086
307
7762
762
5953
5404
2818
5401
8676
7831
4989
2660
3024
9065
6760
5138
5491
9721
908
4188
489
5218
7823
294
2333
9488
9687
2706
5765
973
1728
9146
676
6814
5670
3008
1
5254
5030
7260
1358
2909
8983
6713
5627
7253
1438
3941
5345
9106
9046
1819
6084
1725
4757
8278
4872
1965
9171
7469
5501
6473
8750
8397
7741
8789
5408
5088
6026
8400
1018
2672
2286
1519
8273
9055
4851
6496
6142
5791
1113
9766
9451
1842
9022
133
4241
677
9184
5027
4758
2005
7527
2130
1211
2838
9190
3541
604
3284
2489
5701
6840
7777
6481
2776
6408
5394
5074
6326
3636
1678
1095
1584
8648
5051
9844
6567
1661
9215
7505
3534
3820
4312
9647
7780
8821
1489
7451
4105
8469
7418
9976
6947
5325
2170
7155
7876
5207
8588
5046
3796
4076
6395
1190
2397
904
3348
3473
3504
1030
1423
7031
4010
7872
5329
7906
2523
4630
4265
264
4077
7432
7885
2245
5381
7606
6744
4399
4432
9547
7019
7866
3124
6898
4197
2195
5736
1256
9400
145
5802
4601
610
4109
9701
4799
8492
1402
6259
8252
8187
8553
7406
5312
7209
1516
6822
141
4663
6914
8551
7984
8105
4299
9074
786
6454
1914
990
9668
6259
4144
5698
6240
4147
5152
7048
4244
133
1414
3096
8129
7522
3609
9687
8794
7674
4439
4388
3392
2578
4696
9446
4689
7300
1236
5884
152
7883
5543
7674
8535
9569
8779
9908
1081
2159
9484
1905
4348
5129
8399
4806
2931
9691
6229
2789
3313
3468
5028
1449
8809
6742
6653
8008
3706
4119
7265
6269
2272
3967
3573
5768
5917
2303
109
3932
7854
9250
5133
4331
3410
2450
8723
4521
6461
5106
6105
3555
8834
2684
1086
8306
1126
302
4589
1562
9928
2574
2446
8689
4582
5055
9041
5573
2931
3031
7730
1989
333
5559
3039
2179
4787
5966
3037
3052
2634
1011
464
5837
7928
1812
4770
748
9777
9144
1171
5414
7799
5125
1544
8339
1815
8951
1223
1868
6053
7671
3495
4285
6865
7339
8669
7988
6714
5144
8841
4509
3976
1017
5672
4848
5024
5634
298
8801
5752
1614
749
5867
1330
9273
7818
49
4109
7475
9619
7593
8990
7466
3510
3422
6309
3210
8404
3594
4292
6540
6467
4662
7474
1344
1723
6599
9973
7841
2276
2654
150
4092
1317
1090
85
9300
8512
1253
501
7870
4513
8185
3115
1388
9150
3686
3015
4399
3456
8994
3004
6006
7608
4020
4772
9238
9702
6143
2660
9757
9148
7951
8294
447
3927
4282
5406
8084
5366
4172
3259
3588
4860
8136
3815
9241
6744
5823
8066
5255
8428
808
623
5330
6195
2708
2554
8901
5780
4419
9224
4258
5628
2847
966
2739
1361
9276
3670
404
1417
4418
8668
7219
4769
4560
5406
7421
3458
6454
3345
8686
118
3110
3353
4189
1825
6400
3615
5962
2643
9311
1214
5085
7442
668
241
4052
8013
7494
1563
7136
4708
3267
9474
8325
12
5823
6558
2677
1975
8520
7282
1871
2024
1514
6837
5585
4716
9605
2593
4048
1229
7328
6226
5128
2329
1745
5283
5277
9864
51
2841
2836
8979
7435
6491
4247
9353
7041
2384
7579
5827
1759
6112
7719
2623
3264
1279
9308
4978
2703
1563
6244
8015
8417
1599
5393
3357
1673
4375
3083
1070
7680
2763
5149
8819
6038
6449
8516
3331
7937
4355
6701
9074
3288
471
8482
7463
6931
6964
7113
4350
9850
4761
9602
7077
2351
417
7523
2155
6050
8923
1017
6171
2984
6478
8421
7071
8704
6305
2361
3271
411
7808
1798
4737
4687
3858
6059
6091
9071
6592
9572
1309
1713
8711
1701
1467
5541
6101
9834
8094
1622
5450
6260
2570
9560
1678
7386
3059
1813
1912
6402
3153
9276
9990
2290
3931
5407
1967
3519
4569
481
718
8170
1354
3538
4177
2154
7484
2128
7415
2194
9154
3922
3088
2216
3097
3579
1429
8695
6843
7648
7728
8266
2653
4463
1103
157
9293
1878
6457
7770
7275
9284
9194
4597
8897
743
7987
4397
4613
7386
5714
8183
628
8610
3785
3233
7074
7645
2226
4280
516
8159
903
4046
7639
1121
5063
8244
9921
2927
9724
871
3486
5637
4642
835
5278
6334
3161
3241
6594
7986
9907
8806
9967
4706
4225
2330
2417
7931
447
1753
7417
556
9096
1898
3594
7405
8683
401
6149
5365
7764
3315
5950
6783
9343
5358
4606
7473
671
6363
8975
1985
949
7001
9599
8830
2356
4703
9764
9120
6616
5558
150
1301
6318
553
9203
7455
5014
3154
1236
5078
9309
5002
6934
2782
5935
8372
4908
7646
8562
8847
632
3798
8517
8430
9408
5922
6574
9774
6805
4521
3738
8124
9352
980
3463
4440
1102
3012
6198
18
5595
2732
5075
1959
867
6367
6926
9648
8052
5279
2828
2608
9880
9834
9102
1168
7183
4490
6683
2529
7361
6561
2353
3397
3018
4742
7662
7362
6087
6567
1284
8413
773
7828
5042
3335
2561
9693
839
3374
3090
529
4586
635
908
875
7229
5195
1559
4818
2103
6245
660
4340
3320
383
1048
8343
9166
2789
4361
3157
2622
47
4894
8186
3958
2374
2972
4405
8007
9387
2019
2304
4536
2459
6688
6068
7021
5516
6452
757
3742
5317
9946
751
155
3781
6830
3267
6117
9995
7666
6393
9104
3892
1634
7770
412
2255
9728
9410
1226
1409
9906
9800
8306
2686
4912
8242
4315
1421
3522
9889
3932
5006
1167
7341
4504
9907
3097
166
7646
4928
1964
6783
4325
9929
654
5488
8590
1327
3176
7504
4171
1550
2843
7796
7205
3454
9463
720
66
1020
1534
2800
973
348
174
763
4680
661
5764
8795
533
9761
4195
1588
3369
8185
4141
440
1033
9553
977
652
7510
9229
7563
242
6203
3607
322
6523
5935
2979
1043
7904
1742
7386
948
9668
5721
4664
5563
7904
4885
7978
2645
6963
6394
6783
8587
4494
5705
706
9159
6689
9944
8122
9821
8413
8273
7206
7373
9886
1294
4480
2333
8203
7961
3701
7741
4004
9671
4550
6842
8096
6204
5447
4892
9753
833
6105
3620
3198
3242
4958
7942
1164
9772
2945
9853
8304
3252
9687
4276
9221
3354
2606
5033
6302
3371
6537
3652
8408
6429
8733
2398
4646
7413
3507
5990
753
8525
195
4997
4019
5817
4385
3209
600
7615
2494
9304
4489
9406
3366
7187
4285
9535
7482
5570
9477
4432
7649
4071
827
8616
264
3458
6816
8092
1435
8557
3976
3335
6167
185
1851
5232
3462
6398
3601
9789
3470
9816
4834
3997
7886
6373
1137
250
1550
4420
284
7461
1162
5728
3354
3219
4627
8659
9128
9213
235
4989
7256
9118
8850
8236
4800
6284
6122
847
6084
9185
6779
1339
56
9371
5420
6199
7661
1223
8839
6732
63
8356
6256
3196
48
4555
9226
7099
779
484
3918
2532
3584
5468
8145
2939
3471
7466
5912
3993
3404
6680
4755
8317
2247
8054
7163
6245
9582
817
7538
852
5145
8763
8398
9239
4393
3196
42
1336
5253
6845
3873
4924
2825
8397
1615
9441
4180
7060
5549
8599
4982
5709
7201
6536
3643
9592
7417
6203
1632
9477
7146
7530
2312
5764
6353
1788
9026
673
797
3638
8194
3924
9903
3394
3105
8686
2376
2394
252
8344
4981
4423
157
8060
113
1642
4496
4767
7887
3796
1918
1598
1771
4314
5191
716
6661
7352
1574
2854
2945
1103
8878
9941
2469
4098
1892
7978
9640
2978
6305
5584
4251
8099
7485
2963
4175
7230
6466
2373
652
1885
1444
5865
9633
6030
2609
672
2261
5639
6418
8280
6400
7825
8309
1164
6191
6792
2957
9854
3611
3798
6976
6442
5821
3336
2691
1979
4984
9200
5245
8776
5802
7651
3182
6945
7896
8708
5187
9882
2110
6149
9729
5986
152
4023
3619
9094
9960
895
1288
9462
7501
5361
2276
4352
6276
273
4395
3427
9526
4285
1405
5571
3158
1087
2649
1315
4653
8631
2938
5784
8587
1390
5023
177
3621
6813
3555
3213
2910
6308
226
8125
6731
8671
219
6240
6559
3388
9567
1780
9671
6592
477
7313
5147
864
7217
2554
2586
6596
7456
3989
6026
6525
4825
3441
593
9712
9459
7230
9690
5395
1958
287
4303
9405
9472
340
9688
323
5821
2013
1094
6565
9371
7232
7270
3264
449
4291
6957
1077
9714
7884
420
8480
9067
9517
4857
123
2733
8053
7963
4184
5776
1657
2423
6310
2238
2058
3483
9267
3297
9864
4751
1481
4849
5835
6211
7548
6117
41
5393
4712
5148
9947
2280
7825
9599
6498
8410
2986
9566
5678
2491
143
5101
9687
1230
9430
1635
8045
2550
9144
1750
7985
9070
6727
7405
3854
9997
8864
8185
4345
1058
504
7994
6716
9712
1884
7923
1339
5007
7689
5923
6630
7799
6595
2265
5380
3777
8905
5641
1144
4307
8222
1704
8837
7519
1195
5305
7140
4866
4056
6827
5134
3037
5122
2920
7373
7353
1567
787
8453
756
2085
7894
1959
4730
9937
2062
6365
4474
4540
8253
729
767
8368
1620
751
4191
7105
9570
6843
4299
4080
9460
6709
1980
977
369
5849
4591
9412
7114
3259
2885
1657
9492
3390
977
3493
3067
7773
7430
6762
4507
5787
4229
1372
2085
8988
5576
3126
5476
590
4647
7427
7826
6650
6492
3505
275
3020
6925
2312
1988
3465
4606
1201
7817
9432
2808
7947
8649
3441
962
9295
5536
697
2370
5372
2119
6312
6840
6389
5931
9897
2096
9342
6560
2264
6794
9118
9353
6082
4864
9911
8318
3421
8971
6250
1889
8687
8058
5582
4822
4916
5641
9704
1830
7281
3729
4300
7223
3022
4154
8746
307
1288
2578
7453
5787
8395
7105
2005
6766
7878
4067
3213
7315
5377
7193
3231
6152
6913
5732
155
6845
3491
9463
7872
313
9662
704
1082
5889
2986
7066
978
9863
3639
2907
9547
2638
1120
3549
9713
2559
7190
3971
629
5840
3825
8530
4092
9529
200
1458
1518
9131
3689
8312
2355
567
3516
7401
3840
4079
6298
1525
8535
4981
9234
9557
3302
9493
3619
7258
2174
6217
3437
364
4237
2432
9322
9236
5069
2674
7442
9551
2355
9195
4371
840
6557
4731
1783
7832
9515
3840
2519
1861
6183
8856
2933
444
4376
1965
4415
8277
5865
3398
2343
2793
9007
9391
7399
9418
9791
6301
6217
5400
1302
9626
6701
5939
75
1152
4763
6267
8599
2445
2447
856
9582
9483
1276
6110
1998
1025
9553
3848
8700
4691
608
4168
9415
1786
7781
3552
3949
8664
2427
3641
2770
2211
6082
4630
7032
8196
324
7788
112
2980
9390
8760
5766
811
5235
2133
8452
8398
8900
4801
9126
2540
7892
7890
915
1436
4096
7971
4307
3981
6179
301
580
8194
958
9004
1472
721
2142
7495
8513
3697
9087
9331
7869
4885
4790
7309
2277
6095
2869
3483
9584
9245
511
5302
1485
6065
4019
6461
6446
5545
4940
6961
7224
820
4766
4769
2447
4021
9813
2617
2744
6910
5503
3188
494
9507
3378
3060
5375
8401
1375
7218
1480
3137
5149
6190
9810
7206
2490
2156
3193
1672
9428
3601
6938
7524
974
4497
754
4202
8885
4078
9903
4921
7961
6295
9462
5138
8753
4948
7596
2463
4159
9538
6280
6774
9818
551
958
4903
8194
4571
3808
8902
278
7928
3590
895
4105
4344
7124
4957
1818
8402
9171
4526
9562
3881
2080
5422
2912
5433
2409
4981
5104
7879
3647
2359
9298
6940
4909
9407
6759
2118
1839
9935
6637
7859
7783
2800
5611
2546
4769
9962
1568
6240
4143
4904
2477
548
3672
1539
8299
6032
6401
2096
2511
2829
1110
2831
2417
9370
6234
618
740
713
8323
3407
5543
2493
2426
8227
5729
8556
6214
7069
4339
5829
8929
5987
7231
3814
6394
3837
1311
709
4450
6187
663
6289
6187
3836
6516
3629
5811
4516
2805
6912
951
7458
4031
4228
2923
7829
3015
3952
9886
9074
4016
8477
9955
7372
620
4906
5251
2695
6678
4084
6022
5058
5461
7790
6521
4056
4693
6608
7202
7338
9352
3495
9527
6900
273
9489
1365
994
1496
8588
5461
8981
9409
2627
722
6894
6799
1100
4638
319
5373
5464
7018
1682
5941
2432
5980
7376
6593
7760
1556
264
6246
9579
5504
9712
2041
6019
3462
2212
9281
5803
4504
1841
2243
5492
1193
7862
2420
1672
2903
5407
7169
6750
7466
9847
3506
8611
4321
8816
5492
1801
8932
6569
6078
1415
7804
3492
3251
7828
6760
6089
4781
3689
8097
2036
5250
4075
6614
1487
3048
2682
1082
6053
9420
7105
1921
8603
2456
5731
8211
6884
8235
8950
5312
3753
7529
7590
9209
9338
5947
2241
5256
7533
5209
2723
8702
2536
2891
117
963
2438
4695
8079
7892
4571
4972
6095
8429
8157
2820
1708
2174
8760
7696
8308
8994
837
2486
9638
4307
2175
2252
2726
8002
2475
4576
2275
9131
3259
4760
7262
7005
3237
156
1521
7952
558
8171
8866
6664
9014
7186
2091
1022
1896
9856
527
4311
5224
5391
3267
4484
4736
6356
4750
8689
4463
4911
3367
8450
1399
1750
9313
9344
27
8579
6286
5322
9530
3655
870
3567
7988
8893
4634
5600
336
5416
1730
5674
3790
6688
3239
8138
8103
6335
134
3698
7445
4145
8537
1361
9097
1250
1660
2056
8929
6442
4001
2159
3436
8650
7336
9229
6642
3410
3607
271
3675
354
1450
8121
4484
5686
5232
1441
8625
2487
2665
7601
3483
867
5255
7203
253
9558
4728
8512
4725
1498
5238
1738
9453
754
4036
1088
6589
9180
7661
2647
8167
3868
8978
3470
3909
1276
6744
803
3962
8217
3028
9706
9226
6817
7260
5141
6559
1584
6020
3077
6483
977
1641
6599
4316
2057
1045
1074
8048
8008
6616
2357
1278
9840
6440
8646
7310
191
8765
6846
5757
945
3235
8185
8400
7878
2277
49
6331
7754
5114
403
4550
8283
8839
114
4212
6861
5913
1200
792
3153
9925
5828
2046
9212
4870
2189
3594
5819
10
7101
2136
7579
4018
1593
3048
1054
6716
8917
7021
8210
9015
4838
6394
9219
1146
8712
8321
2089
1705
1030
4704
1428
3230
3504
3121
474
7016
2927
53
9147
27
7772
3302
5299
3484
5144
1599
7238
9455
3485
3361
7858
6006
7305
5564
4150
5040
5636
2526
7640
820
6416
6372
9484
6481
1445
8484
2952
5851
7911
3884
9323
6892
3160
3314
3381
1565
8144
2048
2666
6248
8931
3651
6824
4308
6074
3143
495
5364
6306
8649
2280
2724
6473
8817
4918
2969
4416
7571
5376
6155
5906
3403
936
4586
5084
3082
5742
5603
6061
2088
7109
9573
8677
9918
943
4781
4051
567
5755
9490
7919
6428
5684
8406
7230
9267
4269
2625
5116
4938
1840
996
4860
3484
9966
8479
4564
2360
9928
9960
6589
5170
2516
7345
766
7983
5762
1132
2673
8457
1814
5030
4293
7509
1560
517
5403
2644
2318
4360
6789
3637
339
7505
4929
5981
2808
5225
668
137
6016
1369
5738
3514
2978
8824
5771
2339
1535
7694
4079
9640
9643
92
9554
1230
4223
5758
3308
6754
6388
9127
1032
7776
452
9439
9949
5306
7619
9811
1745
505
3715
2769
3345
701
7851
2103
3574
5524
2657
3071
11
3601
1766
8849
3282
5124
3415
9309
9436
6953
7356
2859
5328
9735
1857
4569
4459
7230
3322
1481
990
437
6667
1117
8734
2150
797
1608
8973
8543
5267
5818
7103
9711
5124
5183
2863
5459
6347
5965
8281
499
7554
8369
2137
8325
1029
493
3768
5557
5402
6823
8991
7638
4021
41
8365
7889
2785
713
1564
3200
1187
6812
5256
2703
2513
708
3543
599
567
8859
4061
9583
9025
8867
4191
8904
6076
2692
512
7420
302
9146
7905
1259
3790
8224
6473
1323
9270
2596
5389
4531
7308
2017
2402
1516
3608
9915
6614
2652
4183
6643
2757
2262
6789
5055
6623
778
8817
7373
6015
5630
1203
4892
719
8079
2528
5471
3104
7712
9558
3511
8286
8676
4026
4516
3288
5922
7269
4288
4486
3693
8663
7440
748
6550
699
7472
836
2105
9586
3714
3552
472
1460
8107
7685
2494
7753
8962
6076
4874
7517
8766
5578
4623
1833
1538
1960
6398
1541
9904
5541
9464
1699
2079
3648
2411
1359
531
8042
4655
1034
3728
5600
2197
3886
9362
5951
1043
4787
836
6697
904
1784
7587
1709
4096
2357
1687
5420
11
1412
6693
5982
7512
8183
4092
795
5136
4636
3698
5230
6201
6549
4242
9339
9441
1468
8141
3658
7084
5532
562
1173
579
5538
579
7860
9778
5930
8926
9233
502
2381
8493
3357
5640
9359
7234
2650
1105
5775
7066
9162
4531
3087
1893
7901
9977
2043
4152
9121
9187
718
7688
7642
8665
1192
4299
8570
7219
7939
5012
2546
5194
1789
8402
5071
7509
5495
7070
201
7755
8323
7720
3628
9081
1316
9429
4466
4808
4407
1279
7056
6854
5847
2081
1622
8262
998
3957
3403
7773
3598
437
6813
5283
9599
4930
5039
300
1451
2652
99
6745
8197
5895
2960
9735
2064
1246
8453
9066
4731
9519
964
7247
9794
8202
8963
6164
807
3119
6676
5230
1623
8412
9340
5662
3296
7912
7225
9655
8343
6983
1685
5927
800
2883
4208
4873
2783
4011
4563
4492
8067
2258
5128
7483
618
2399
8845
450
4215
1524
4111
5232
2424
6422
9724
6230
6827
8048
9898
1027
7160
2044
7979
7218
2209
6024
4650
9546
8429
4632
264
474
5692
6134
6552
2406
8765
7755
9010
6009
8099
7329
7434
2160
6414
8110
2873
1927
1773
6215
1356
1260
488
1655
6801
6918
4483
850
1721
4536
8838
3315
3424
3967
9170
8934
8272
6156
2742
9259
1020
5015
5831
6400
8721
5034
1157
3681
9503
4254
4449
9911
1917
3742
5124
5379
1139
2877
3155
8558
858
8365
4983
8550
4742
5271
8624
3726
4365
9225
7729
9354
6696
8984
2702
7918
9982
1818
6873
1451
7689
7735
6996
8670
73
8261
5496
2845
1660
4934
4252
5094
1304
2903
8074
7070
328
8094
8547
2794
1866
4713
313
3686
2946
1302
4565
3384
623
5580
918
2504
7428
6237
754
4839
7482
8204
5393
2880
9290
2314
9035
168
9823
2736
9436
7750
8128
7361
7814
4279
9795
4663
4268
4521
4933
2992
5031
2873
9184
7980
4008
7443
6252
8700
6453
2254
158
3281
1321
234
2631
6887
8268
5167
6843
3797
5929
347
3691
5772
8182
8495
4277
3713
6229
6255
1295
3647
4000
2813
5787
6501
6492
5305
8669
5537
7516
415
2944
8766
4990
8997
48
808
2314
7351
3337
3746
8845
7241
3300
9050
3342
8848
2394
2945
400
6709
4986
1025
1230
9248
1582
3605
8252
8213
5842
7399
161
1958
2893
7441
378
6317
240
4474
7121
8364
6484
9843
117
2843
2921
887
5515
661
6865
1877
4233
2391
3475
3922
2986
8974
9700
9622
2053
8197
5449
7066
3920
1984
527
1700
5210
8223
8292
4280
750
5370
4184
9524
6715
5070
8036
8336
7192
9882
4851
2407
2188
369
5382
6525
8211
1572
3337
7446
3476
7858
4476
5719
6263
6215
4468
1188
9723
4919
345
8111
125
1230
8353
1169
1292
9886
4834
7840
7714
7131
8414
1972
7637
8702
9294
3230
5187
5788
2522
7439
2403
6987
7607
2329
3967
3593
7720
5070
3607
3601
5496
9562
6569
4339
3548
5814
2901
2502
2286
8067
1220
4325
3820
2184
272
1723
8089
466
5830
5748
3538
1438
7327
186
5032
8125
374
5121
4485
1580
1068
8856
800
9077
4399
340
4244
7983
6656
1651
3686
4326
1451
5698
7772
319
713
3747
6241
1684
2249
7991
8797
495
5109
7740
298
6318
4920
5259
5001
2347
6757
713
908
6525
4522
1743
9333
1239
6187
9568
4612
6948
6850
8704
5319
885
6844
467
1011
8416
3751
8337
5719
4542
6943
8444
3944
296
3952
8627
9135
6694
3597
2031
1623
7037
3927
2928
5276
3804
2448
5995
8469
8682
8998
7417
1051
854
8421
6071
2842
979
6941
4046
6189
1207
6267
6487
9071
1672
3835
4790
708
6939
9474
2599
2702
6530
8289
5889
7284
8760
5069
5182
7637
9571
8515
8651
7379
5102
2464
6971
580
5928
9095
8635
6650
198
1107
425
9850
4217
7220
7406
4226
4741
9582
9869
5373
359
7765
1247
2937
8920
8428
437
8416
8139
6180
578
3387
3624
5978
9626
4955
5180
1792
5506
1610
9543
9061
7021
9399
7400
536
521
5047
1151
6703
7340
1935
9080
2254
4711
1943
8169
1211
1805
5361
8303
8822
280
9024
5314
9453
8497
2428
5530
1476
3425
8730
1045
3324
4480
6816
7824
6658
7458
2895
4887
7136
9586
2786
9106
9033
2324
1035
4629
1380
4930
4821
7051
3940
1242
669
9862
3110
6331
3
4175
6752
1747
1780
9486
5811
5134
882
2974
2319
2261
9620
3479
7261
2088
928
3984
5137
9282
3248
1257
6645
8336
2328
9737
9226
5173
5694
818
5937
933
8507
294
2480
1828
5191
908
4856
8339
8457
29
9754
3742
1396
2653
3057
7853
5798
3535
8595
9549
6802
1088
3993
6610
5670
6967
6229
1876
8527
5008
8155
2379
7793
4395
4255
8448
5644
189
8358
3770
1297
9817
7808
7609
1370
7635
1194
1531
5392
7946
2650
6209
7550
5192
2699
1061
875
161
5265
7235
45
3805
1070
488
5938
8187
7930
3635
9729
1339
1384
4111
277
7599
4317
4723
7698
8102
2947
8430
3241
8909
467
9786
79
9868
2073
8036
9282
338
2585
8174
3187
7365
6839
6265
1175
8689
6812
506
8641
8851
3820
2608
5331
7226
5372
8374
6633
8834
8056
4692
4638
3957
1194
9317
4145
1272
7134
9308
8472
8422
7162
5857
958
1524
1843
890
3247
985
7426
1391
9880
2721
5165
823
3733
246
3161
528
5450
1171
6693
8823
9339
3117
9082
4909
2592
9031
3494
2825
2521
5114
2303
8568
520
8486
92
9622
5845
8864
1191
4096
6002
4513
7623
9632
455
2032
561
6012
4209
9237
8790
4276
9180
6194
1391
5758
5417
8359
4893
5527
2337
2281
533
944
4399
8535
5536
9610
100
7746
200
7032
3068
8047
7157
1241
8631
2036
3488
1206
8043
739
4999
4326
6637
1423
2871
9780
9911
6562
3454
8417
4507
272
8839
4771
2238
8114
6409
8018
8361
9146
8784
3299
8849
8295
2021
3483
8431
3644
6353
5275
7587
2411
7716
7994
6409
4753
6315
7627
4246
7109
8951
868
8468
5801
7058
5199
9666
9877
5653
5945
5360
132
3772
9310
3566
436
7362
7045
780
998
4337
5765
4405
4616
9401
2860
5374
9555
649
1151
7954
8220
4435
4475
8408
4947
402
9455
7717
3690
5134
1724
1428
6076
8776
5747
9309
772
4600
7665
4762
6350
6059
1474
4429
597
4354
7975
8133
6961
493
2605
5976
3347
7358
8035
2675
4824
530
2735
5717
8671
658
3655
9587
9471
7983
9552
6716
498
5123
3964
9861
3311
4012
1308
6648
1247
6971
4488
125
8519
9730
8287
4067
8198
2340
184
625
372
7934
5788
6605
3470
6059
229
8199
8265
2221
3775
7494
393
1327
6610
8376
8069
799
9601
7792
6403
2640
8379
9025
3939
3605
8339
5888
7761
2257
1397
3325
6179
291
6832
9242
2052
919
9923
5741
3909
4527
6446
9608
2022
344
5934
3489
2845
2193
3900
9572
1531
397
7131
6412
3038
4129
1924
761
688
7329
4472
1700
2594
1181
9769
3287
7854
2769
6589
5728
8111
7041
7432
5741
6326
2282
7117
8442
8130
5181
4361
4733
6484
1055
4869
5979
1846
6723
2206
7452
1103
4288
2602
418
7693
4647
7666
8224
4246
5620
9822
2686
1875
1054
2553
7937
6707
209
9355
4079
1761
1888
3173
9193
3290
8032
6964
2810
1014
5446
9421
3204
9529
27
7834
2739
6238
1197
4295
9553
681
5822
115
2993
7966
2978
1918
6464
2346
1129
8947
5742
8661
6597
4634
1235
1417
4477
5814
8389
5803
7831
8334
7982
6652
7900
626
5698
4628
5996
8244
6423
9730
2346
3448
5830
5532
7930
6449
8503
5191
2223
6370
2977
8234
5129
3254
3127
317
4034
7845
2087
9200
3714
4603
1141
9842
2288
734
8141
6344
128
5077
893
3327
5220
3496
2521
9096
7474
8768
113
1510
2669
9971
6854
2429
5431
7220
7106
6609
8844
877
4733
2018
1777
7426
597
5352
275
6508
9902
696
7012
9366
1471
6379
6760
5856
2454
3358
5925
9302
730
8194
9920
7299
2791
7929
2284
8128
1887
2323
3893
6235
547
6252
8339
2030
2666
9499
8881
5494
1138
3008
9061
3828
2746
2289
1761
11
4696
6011
4336
9711
2014
6329
3188
6702
3696
3355
7940
4070
9082
8589
6714
7691
1973
8938
7490
5611
6161
7397
6711
9816
100
4443
8542
8330
3881
1263
2253
8726
8764
9066
7630
5063
7210
326
566
3856
1455
7198
6746
866
2847
3101
4504
4217
175
4809
9834
5013
7156
4339
4671
4624
1058
2341
4220
9651
2264
8751
391
5181
8510
903
9548
6026
9449
7156
2544
7620
1294
6990
7466
4081
8491
5853
9161
4032
3964
4852
5288
7849
1666
2833
422
5080
6070
1130
3018
8413
6963
7502
5915
4828
4218
2367
8725
4405
4343
3856
1743
5287
7338
7320
657
7165
5257
6762
7051
9885
1561
23
3528
1713
9924
2411
6233
892
6093
4695
3941
3108
39
9881
8917
9454
2283
3453
5414
2338
2209
6887
7280
2820
95
3800
4555
2276
9829
1569
5864
907
5378
9103
8629
3195
6696
380
6098
6554
9458
2840
4184
9410
1311
8250
1
2448
9583
8766
2987
2143
2946
5299
6285
9768
8777
344
8723
4513
7788
9612
7022
6775
3283
6168
8524
1330
5081
66
7214
1132
7923
5688
2096
9428
3687
4686
9403
1677
5296
2493
5486
6039
5014
7521
4531
2815
1907
5110
8102
5184
4713
9896
2471
9261
1943
5037
2296
9090
9043
7160
5178
8238
4682
7587
8681
5287
2891
2529
671
8034
8491
6742
4558
3942
6121
1949
7983
485
2762
9742
3871
2141
4424
7264
1617
1497
4892
5098
9590
4727
7555
9913
6368
6365
4420
8950
3246
1702
7752
7134
5194
2667
9387
1286
9589
2904
4488
3043
8731
9061
394
8219
7419
901
6869
4978
9815
6646
9836
2219
6913
4797
7587
9330
3934
3173
9917
3948
7595
189
9353
8467
3990
8804
30
1129
5599
8265
8046
2047
8341
3435
895
9017
1125
4722
6669
1049
9828
1329
7171
7517
8886
9745
6834
2256
7438
4610
6097
7089
8829
4968
874
4779
2240
1448
5118
7369
6921
9158
7047
7804
5576
9989
8836
3221
1434
4530
4267
7328
4854
1285
6799
6620
1664
2109
3385
9053
4222
2575
9819
5650
7168
6979
1704
8129
1892
8964
9416
9412
4975
6666
16
5848
1407
1693
1655
5002
9557
1440
8427
4245
728
31
602
7731
5084
9999
6214
6758
8073
6473
7928
5450
6847
1227
9406
9107
4302
9699
8024
6950
9260
5393
3108
7582
1368
2544
5154
2644
819
8184
5930
3698
5366
3275
3362
3710
3333
1426
2484
7895
5146
3308
4692
5318
7575
8714
7032
1627
4603
6034
8761
3290
1373
391
7407
9497
3165
2329
6418
5584
6223
5974
2739
3013
5371
4564
145
6730
1512
1074
6607
4764
2479
1667
3035
305
8931
1710
2755
5990
693
9821
3769
9276
4125
7624
4093
7078
7996
4501
2434
4697
9958
9190
8594
8936
3653
1287
3075
8706
4496
2523
6132
9265
7523
8843
8681
9944
1807
9010
6601
2961
8425
1599
2274
3145
4632
9664
5787
9682
2784
6960
5312
3068
9940
5637
7667
8104
2319
9072
1878
3362
8858
2090
9373
2785
1217
895
9977
6198
2793
66
3288
8806
8708
7557
2577
5564
620
1276
2116
8215
6805
7829
4838
3780
772
4621
5347
6737
1173
8426
4612
9607
4386
6105
1768
8106
3719
7612
8872
9159
8170
8042
2972
4066
1744
4859
8849
8722
8930
9414
7812
2034
1126
5089
7761
4542
7858
476
6621
6671
9603
6131
5962
7356
7843
9126
2897
3942
8384
542
9202
1496
6529
7399
1743
8816
9547
9180
8096
1542
9017
9468
3272
3103
8913
1072
5357
9205
9339
1325
7757
4270
5013
2516
180
206
5257
4508
2355
9747
4760
6737
7203
6180
4503
5683
2751
2478
1935
9797
40
9892
3227
4025
4811
2202
2881
9181
6645
8005
251
5052
1471
3097
3831
6204
3342
5960
9282
6855
9945
7739
8763
8272
6630
5671
7483
6332
8951
4711
9865
4994
1766
6441
8420
8825
4681
4159
1042
1701
2727
2939
1549
5926
1744
1102
4341
3781
6739
4950
5079
2371
5538
8715
3877
7608
1384
5198
4391
3789
1892
7207
6838
5966
8934
8336
8033
1240
4558
1481
9600
3475
5949
4562
4317
309
6587
1688
4923
9771
8640
3381
6694
8252
1479
8864
353
1300
6517
3973
7431
6930
8480
3865
2225
4694
7155
1830
7229
6883
1367
1606
359
8565
5476
4742
8713
2087
8829
3762
4117
3308
8945
9184
7483
5519
9270
7524
5437
8737
3097
9559
9560
9399
2025
8218
6197
4774
4539
8246
389
5092
2927
7008
3651
885
5927
5428
7146
822
2832
6617
6095
3202
7746
68
897
8998
5018
548
1588
2875
512
6528
2325
4472
4779
999
1168
6345
9800
6076
5333
2425
8770
2709
2944
6063
7012
7144
5983
9632
7474
2026
7013
8905
8542
3132
1813
4399
5631
4604
9378
3165
1685
4620
9675
5202
2176
490
4012
8444
6135
3477
7048
685
2540
1919
378
9041
6229
4189
1345
4848
5182
6447
419
4462
5363
8565
6322
5365
3794
8839
5683
612
9509
7544
3894
1663
9398
3024
3735
7211
9716
3244
7338
7420
7802
6507
5053
3828
3383
2399
1679
3634
8865
3413
9893
3629
2779
7610
309
196
6382
7619
8308
5836
1468
464
8449
6317
2328
1669
44
9889
7594
78
7624
834
1655
3718
229
6311
3702
9146
7122
2451
4085
4952
6280
4466
1587
8263
5545
3145
2479
491
7791
209
1014
2590
3913
1879
3666
4117
1831
9963
4822
3846
1182
5531
1887
3114
4350
7316
7358
3883
5641
4413
9128
9540
2966
3336
4678
7945
2683
9150
8610
4170
3761
8238
9022
3873
4313
8121
4257
1596
5747
2677
8148
4320
8663
788
2879
9908
1796
9672
6522
6590
7854
4670
6662
6517
8460
1900
4930
4843
3783
9249
9921
6349
6710
9247
4578
9618
6685
495
9568
2390
1854
2634
816
5561
5760
7768
9378
8383
1107
7423
9895
9342
5789
2097
585
6902
791
3514
4225
7049
2423
8732
5754
3281
6074
6786
5964
9215
114
6614
9627
8142
7603
4487
1238
1644
8612
3042
5636
889
2120
8900
1937
7671
1283
9826
9887
677
5425
8157
2608
4144
9834
8685
3049
3776
1977
2737
41
2660
6084
9960
7759
3954
8894
9351
8177
9462
6895
3632
2290
1389
5853
3844
8756
1397
6539
8445
387
5997
551
6770
3163
1980
8602
6495
7784
2391
6928
3752
2644
1307
206
9827
9943
7612
5819
7016
9806
8274
1007
4830
1302
3766
9791
5322
2219
5253
1506
3566
3618
5689
1286
1284
8909
3431
1459
7167
3317
4562
4697
4149
2091
5491
2557
8354
1215
8842
5478
8467
217
7148
1390
5894
5134
2802
507
6515
7203
6275
9892
6882
8055
1222
8536
545
708
9776
4946
4423
7691
3501
5633
7474
7224
5413
2909
2849
4579
3350
4891
1383
1566
9281
3032
4757
2902
5307
5195
1483
1529
4506
108
2531
5598
3009
443
6386
8250
7088
851
9908
3255
116
9157
7371
3976
799
8344
8988
5072
413
2054
9710
9209
5964
1978
9912
9128
2303
5148
9854
2678
8838
2967
7903
3235
9940
2937
2902
3820
4085
3473
5011
2548
6451
7151
9694
7542
4637
6589
2815
4449
4315
4131
4325
4229
8378
2415
7530
2066
5688
2731
9959
9097
9684
6320
6097
2658
2684
7600
4103
3606
5115
6425
7823
4734
261
9133
4980
2944
7562
6310
9975
1154
5804
8510
5895
5311
6198
500
4823
5551
5139
6514
3314
9084
3135
9028
4581
8712
5141
7562
8290
7443
2700
790
8388
9121
3240
1961
2060
1200
2690
2191
7519
7263
924
51
3538
3539
4157
2276
5115
3260
5036
5583
5661
8861
195
4574
103
3904
7899
709
8242
5856
1591
4581
1790
9225
3894
1328
2960
5779
146
6981
2818
4229
2695
4718
8255
9117
4474
8332
5506
5427
3247
1868
3810
934
2909
4138
740
2695
5385
4700
9748
249
4245
7201
4809
3107
8669
3199
9885
7365
3925
3843
1406
5727
3689
5067
5821
3032
9001
3496
2472
802
2776
7063
2830
7171
6504
9190
5014
3736
8541
1866
676
394
7700
5207
7026
3306
8663
5265
6207
3362
215
1911
4751
3769
637
7398
3622
6865
1831
8675
186
7413
802
5802
7148
4754
2081
3659
43
6351
7538
6061
142
3999
240
2130
7123
219
3649
1057
3169
3141
7109
9562
1423
2864
2641
5356
2359
7540
8911
9625
4066
3974
6811
6259
1049
605
3427
9160
1342
5912
4739
6544
8093
9235
2019
3375
122
8849
743
6781
8720
2491
2250
3482
5499
8383
1407
3431
2523
5757
9885
6920
7870
2003
5405
2284
5921
465
8971
7079
587
8863
6637
1118
1598
9219
1852
457
6978
1704
8613
5391
8535
4624
2691
8275
2944
3794
7797
7732
447
7480
1534
1897
9657
3975
3750
7555
3119
2794
5155
5604
8814
7585
8733
1845
6828
6747
1716
1261
6999
9532
6343
2453
4580
7808
6331
1856
5097
6694
397
5839
6303
4640
6141
8410
5887
8543
5456
7747
3712
964
7658
2684
7571
3145
6813
9872
6804
7335
8249
9766
4517
9145
2297
5594
3025
2263
3807
3166
6626
5589
4996
2037
3430
4178
1463
6903
5341
2741
1801
9992
1952
8522
3081
8378
6327
8708
8346
2971
6850
754
4663
8017
2713
972
1415
7626
1722
8144
9130
6600
7879
6301
7846
1632
689
2906
9271
4283
1037
7607
7627
6845
2922
6265
6735
9627
3364
4476
7568
5714
8385
7226
7881
2154
61
5456
2380
432
9612
88
3608
5115
1572
5466
5359
9837
8716
9636
5498
9779
1165
4433
7283
4832
267
7917
9941
4411
8344
7887
7035
593
2190
5625
8811
7980
6639
7298
518
5354
6627
4731
7574
3698
9413
2838
4763
5961
8387
8539
2603
4698
712
9837
7949
76
8095
7618
3433
7253
9294
8984
9223
6372
2021
124
7833
3299
218
8668
3391
9747
2827
3845
799
7866
6711
8815
5782
8638
2241
1788
710
1005
6698
2425
7589
5933
6609
1428
1222
6133
322
5508
2832
8199
273
1550
9777
8845
5050
3916
1061
8151
8031
8561
5311
3470
9620
8048
4220
1786
818
6003
280
5559
5871
2848
4758
415
1918
6174
5961
5209
5649
4110
2785
5894
8591
4349
7756
5155
2203
7582
9170
7058
3387
1100
7843
2347
3082
4630
1976
9703
6548
1628
7884
3173
4115
2622
2222
2782
3218
8541
2077
5290
7877
6818
3864
1293
4171
2979
1096
8867
7178
6860
8451
512
7085
2178
1847
3052
2340
9723
9912
4915
8897
7059
4463
2627
338
1888
2424
6405
1320
6221
399
6486
828
9852
2751
3768
5472
3789
1984
6841
5425
1844
1652
1197
1999
5791
8325
7310
2446
2653
6198
5849
9781
5699
3164
6908
5593
4977
6639
9858
2925
8234
554
3193
5792
3225
9124
6563
8347
4439
9985
7808
9614
1969
7697
597
190
8863
6236
3437
2165
5256
7519
6436
6589
1417
4127
1948
3843
2221
7057
4272
9757
1087
1210
6654
4927
7284
561
6842
9560
5404
4342
6453
8572
9423
8806
2628
4869
973
5221
5476
2339
630
352
1090
7349
1393
7909
3104
9980
2273
6056
683
2499
2218
1740
1762
2660
3561
9331
5609
7202
666
4955
5955
5142
6875
5791
1062
6385
6246
5342
3775
5830
6101
1443
6878
2569
199
7737
260
3952
7015
3009
9184
2428
6437
9019
5888
6123
4452
5574
6748
9446
3179
3037
135
9371
6752
2535
5015
270
7078
899
8699
153
5984
5541
1203
4628
7622
5816
8787
1195
2525
2872
761
8659
3564
3764
9253
9009
7202
598
528
1824
6956
3272
3244
6132
250
1484
1619
9303
3673
3006
2004
2632
9508
3394
3983
3843
1244
5757
1833
5529
6143
8521
947
4982
9757
242
5565
5264
6718
3999
815
2155
152
9990
1119
5262
2485
2904
3366
4937
1898
8158
9589
8127
7595
5109
1549
5858
5587
6356
3059
7543
4183
3248
2506
1358
18
6465
1362
8230
8100
7933
4870
4820
301
4982
9164
4374
3726
4089
9804
5440
4935
5532
8267
3994
2099
5548
4233
4636
7912
5962
7053
847
1299
2281
2634
5018
1833
334
1171
8542
6241
4395
8609
3494
3253
2961
7917
6871
3120
2457
9313
8807
4314
5702
1201
197
7543
3314
7566
7726
4918
3722
3842
5583
3055
3648
2847
9860
6203
1924
5002
2068
7840
2487
2813
5247
3325
3141
993
2653
4856
5893
9010
1579
9215
9032
3715
1245
7076
6370
6090
3604
7163
1425
143
2626
277
2657
6214
4505
8999
7008
3427
7556
4141
6668
4676
8376
1745
1293
5186
8612
6816
3209
4601
7832
2452
2764
479
5165
6469
4778
9960
9273
8033
6682
8351
2212
4739
999
3497
6900
4168
5901
7707
8778
5140
6069
8420
9856
2652
7782
2828
7224
9910
4673
9315
5833
9299
8625
6702
7824
7734
5588
7812
1018
5717
8593
6863
5154
3908
5136
6645
275
5497
6247
3966
3811
5458
6559
5959
9345
1996
6219
6444
7637
1653
9961
6429
5003
9242
4640
7071
4420
3491
2158
5130
7170
5394
1107
8954
2118
4324
118
7671
5647
2951
2891
2295
441
1682
9271
7451
6200
2907
2553
110
6744
4074
6989
9105
7706
1635
4775
1516
6181
6489
2786
6166
1326
8886
8860
9469
3614
4864
9862
2985
3799
7550
2756
34
4250
432
4711
4602
3312
2342
4779
4061
859
8575
3705
6412
5937
2394
898
353
8829
4339
2957
5828
9338
8987
8006
884
8980
9699
7581
9480
3925
5417
8447
6205
2001
8841
6860
8450
3815
3256
8621
8710
5628
7010
8873
427
5549
2717
8908
43
5449
5757
5963
4304
402
4094
3055
825
7030
6425
8069
6065
6214
1190
6039
9297
282
9400
2034
2605
8262
6975
1004
2852
2886
8767
4056
2216
9018
3542
2737
1013
38
8499
8072
8006
4753
1163
2467
859
4751
366
7323
1534
8405
5183
649
3516
7697
5337
7733
969
1036
7701
7731
3988
7509
8528
4596
7025
5747
34
5214
572
1935
3266
9248
1362
2628
2478
253
7540
364
3103
4139
6957
5327
865
8079
954
547
9544
5184
5504
867
9799
8959
1889
406
3827
6247
3872
4565
1933
1262
5308
944
117
5838
6817
8886
3586
6217
6624
1735
9879
4448
7096
7008
2440
9656
4230
2874
5794
5777
2944
9768
6273
1579
7112
5011
1379
4590
7875
6460
3923
7149
4800
4149
169
5984
2973
5380
5044
436
1308
1038
4882
3048
7293
3411
8143
3949
2237
948
2562
5523
6148
5014
1086
9395
9924
3706
5917
6325
8996
3155
8095
1128
9412
1658
6024
6992
8115
1690
2496
6505
5508
4635
3645
3598
7622
2214
7300
3709
9051
3052
2916
1649
1688
5066
5260
1156
7826
5845
2395
1577
5153
3223
9390
7418
3989
5932
8304
4620
2815
3475
3394
3364
227
7452
1426
1421
7793
5090
4033
2257
538
6414
5941
5464
7495
8544
5045
6377
9021
3826
2459
9027
3637
8499
1116
640
6447
9909
7516
4190
749
268
2998
6018
4022
9868
5072
8227
4041
4342
8387
8743
6841
8502
6112
4517
383
4436
230
6191
8002
6300
3465
1122
7835
869
1685
6293
509
611
3657
1860
9418
6289
2295
7535
3848
2743
9088
5034
5817
5196
1269
9338
786
48
1505
1154
7275
1713
9115
3057
861
1312
9871
1153
8497
2054
8725
4518
5228
5185
2097
3256
4480
1518
5330
2645
4598
6730
1552
6207
703
336
7877
2567
6641
2441
9956
6604
9959
8291
8079
6315
5288
9160
7195
5948
546
4597
8055
7070
4871
539
5442
4839
5884
2270
3043
8162
8075
8767
6939
750
2070
2000
1165
713
8451
8603
5814
639
8959
3992
6063
4714
9490
2482
9272
2207
5129
1372
9096
2169
9243
8253
2488
5469
9499
3789
3686
274
6068
3940
5133
1876
9306
2518
8394
4413
7892
6484
8290
5815
2815
5674
936
3145
3077
9832
8899
7493
6276
8184
7844
2564
9091
3892
9629
9750
6759
9641
6102
7968
8396
8035
4658
2203
7271
9726
8664
6974
7935
9679
5940
5536
4595
4357
4291
9877
6750
8
150
1355
334
7476
5463
9578
9932
6186
6543
1581
3470
4060
2417
4968
9520
874
6679
6159
1960
7302
5282
936
7920
9720
8152
1158
4759
8295
1919
6105
5032
5277
3007
9214
9763
2414
1612
5095
2849
6973
5257
9488
6746
3682
2641
6983
2955
9524
7687
7198
1627
8072
3718
1656
9972
8204
3579
9268
1255
4378
9862
3426
1311
9123
601
8136
655
9503
7984
7512
8303
1000
4440
6746
5577
6953
5858
2056
2362
8638
5663
5859
1531
4016
734
9481
5751
7877
5704
1784
9615
9962
5334
8091
528
3719
6065
4566
7438
4166
7519
4809
5026
135
6134
454
4933
5611
754
1512
8552
6082
5993
5226
6852
3835
1815
9895
7380
8161
8060
5148
5691
8565
7689
6832
6871
9203
8354
6644
9420
2141
8293
2532
2868
6502
4065
4594
1740
6436
827
2370
594
3934
2499
190
994
1797
6124
1311
5064
8682
4689
7886
2983
9621
1547
5822
63
5397
8616
4830
4517
2081
4974
2424
740
961
8981
2024
8041
3442
714
4818
4596
6524
4696
3036
5697
9562
6235
3533
1582
2654
6741
3608
8959
9286
7274
4848
9365
2616
3647
7120
8469
5741
2245
3374
4844
517
3676
7637
5079
4783
971
1157
8345
4794
1925
9185
189
5637
7022
9403
771
6504
531
6023
8671
838
2656
1922
6164
456
836
1622
8536
3006
8375
196
8360
1068
6948
4229
8228
5527
1130
6150
925
1347
1013
3031
3090
1459
6754
7944
4642
2996
7272
9399
5603
703
3834
1217
633
17
2082
6556
3498
2752
1824
1077
6965
4500
7224
7636
123
679
3923
5202
3725
6276
5396
6523
9708
2400
51
9853
4616
5071
1567
2788
6984
317
4596
7912
7919
8815
5429
7485
1911
6654
4348
2030
8367
2056
9589
9998
6407
3115
609
7716
7237
3815
350
4313
2903
5399
9260
1672
4912
5059
3332
5242
104
6445
6810
9892
1107
9135
3913
1159
4779
1541
9718
7194
5105
292
725
8767
4278
9071
1937
6264
6544
7881
5344
9757
2176
2341
3371
5141
6407
2862
9427
2901
2976
3675
5575
7296
2769
9883
5899
9284
946
4817
12
1670
2184
4132
4550
7363
931
302
1151
6475
3547
1143
1429
3843
3617
7477
2506
6974
8185
4779
5065
8961
1532
1731
9161
3513
2468
5537
5078
3377
4329
1949
2920
6557
5263
2501
8467
3461
5626
2037
8982
3672
577
268
6697
3207
5255
8709
5366
1954
9553
4134
7632
1865
217
4016
5418
3082
4616
1420
2214
619
1978
6086
9334
988
8275
6593
2073
6227
5431
3008
7988
6588
8863
2004
9608
1076
4206
7374
1435
5738
571
1739
4887
9899
1825
5567
5814
2799
1338
536
72
652
9394
8104
8308
2845
2415
2486
2963
3751
3510
3162
6979
530
2160
8139
2015
5416
7459
8383
596
740
5876
2486
1911
1425
3570
2236
6763
3509
6629
1201
1847
7041
9501
4062
3228
943
3744
975
5805
2399
275
5216
3040
2087
6993
7645
1129
7293
2576
8850
3054
5500
5128
9204
1502
584
1318
1986
1267
8615
119
5539
8447
7910
5096
7685
1724
9531
273
5272
2163
7989
6265
9293
8231
6245
7933
2295
242
6577
6626
7892
8421
4413
3106
3583
4263
6749
7482
3774
5291
6930
233
9467
5373
294
5085
1193
430
6159
2255
7005
1826
774
8582
6126
4691
4795
2449
4867
9207
7598
4086
2224
2405
8131
2910
2357
8478
7674
8843
3131
671
481
4265
20
6811
2735
4201
2917
6190
2679
8309
7242
9349
1310
9174
7679
4433
8210
664
4479
2851
5105
6614
9395
9018
6202
8681
1617
6048
9116
8836
742
43
5712
7843
7817
9335
7116
9081
9750
8474
9598
160
4876
7640
5657
1267
2812
3070
4232
1855
3558
1858
8294
2751
3049
5791
3088
5071
31
5495
6383
5440
2315
1962
8700
2242
6744
797
7800
2535
4360
7404
7360
2396
8398
8520
3235
9418
1312
931
745
8817
2068
2528
6889
4894
414
9234
1006
9067
4667
8338
9519
8813
6854
7226
4704
9219
781
3671
833
5009
5606
1937
5306
8948
8427
6671
9416
9463
9192
6239
8304
5195
5957
6170
9894
8893
2765
3981
7922
2090
2066
9690
5959
869
6226
4309
4568
977
6978
6995
5153
7873
6429
7429
8631
948
4705
9755
3604
4918
9775
6604
361
6089
1094
3851
2745
122
8930
1372
5063
2679
8398
5069
2229
2982
1371
600
5201
6841
3828
988
7398
8501
217
2404
9379
6841
5596
2728
6514
1395
5922
8120
5025
5398
9665
2543
5374
7568
5547
9965
6058
9455
4749
4134
8644
7259
8863
6526
9863
1286
5776
6751
1418
8935
6661
1065
4363
7391
294
7376
6592
5706
4525
7245
1939
3614
8292
9331
3137
2506
4818
9930
6422
7373
2426
625
6575
7823
5864
9813
645
3269
9473
3926
4218
2693
2446
417
6426
3073
4364
7137
3864
2040
7547
2039
5036
6943
3322
2546
8653
8038
4436
7632
3719
1550
3521
4650
6964
4736
8275
7351
8871
1505
4419
4511
4722
7050
3999
1368
2509
7179
8923
7942
1992
7287
8857
9972
8646
8626
6767
5432
7456
8606
6892
4907
1850
2494
7598
2110
5981
7097
2683
721
1466
103
6162
3557
2606
6161
7909
2682
5055
7658
7742
1516
2218
1812
4211
3182
9616
8085
9551
4977
84
7680
7303
8647
8587
2679
