4240
9042
2053
9590
4688
9048
5267
7079
8354
8963
6804
8683
942
1288
5807
5059
360
8573
8283
730
9259
7412
4231
8188
3034
4684
834
5722
7419
3034
5242
9683
7178
8254
5500
1669
4687
4682
4767
8730
4947
357
5060
8198
589
7749
5846
997
1453
771
9378
1754
9707
7775
5163
1786
7574
1596
4597
7248
1843
4798
676
5602
3801
616
3705
7209
6239
4890
7841
7239
7706
8031
5762
7113
2445
2636
9498
2548
8230
8283
6269
8229
5754
6255
4179
5961
2661
2106
9572
6035
554
6803
6233
8260
9290
9274
3753
8302
3148
6837
7861
842
9297
3868
697
5808
4345
7144
6759
2477
4527
5347
5705
7974
6516
9536
7323
595
6804
7315
4282
640
2058
1202
3270
9990
9050
930
696
7951
2835
9798
6360
5791
4149
8714
5157
7158
29
7062
6025
8762
6467
8422
3041
2731
326
1053
2479
6518
6797
7569
7189
1795
7714
7274
7445
9139
6451
9819
433
9050
2303
7114
9412
6723
1730
5268
52
41
1638
5170
9677
2778
3360
6575
787
9070
1436
6819
4251
5374
3725
417
6670
4680
9115
4452
5956
9047
6962
737
4945
5481
3644
3069
6503
4161
8052
9222
6880
8499
3712
9527
334
8134
4192
8108
4808
396
8048
2557
539
4645
6399
9408
1204
9466
5955
1295
4654
5023
1427
7520
372
8680
7383
6650
3948
8021
4647
2092
7781
6513
7685
4881
8792
8380
9537
776
4495
5632
9168
4920
7228
7897
1233
3800
865
7623
5349
3940
6879
8182
3154
6915
3669
9157
2779
6590
6207
6363
2934
5938
7505
4782
6947
4557
3703
1719
9181
1215
9506
632
1016
9424
8089
4757
2126
5479
9969
137
3518
9554
6643
5528
9563
616
5073
5354
2197
452
7164
6624
9711
724
6798
4184
6982
9111
1047
3635
7873
9597
9662
4510
371
8943
1853
6118
3266
3127
4690
5149
2585
2915
8934
7025
8457
4570
4420
1812
7968
5128
3888
7503
7213
8030
8664
3817
1481
2634
7108
6540
314
4430
8718
8831
5725
6100
982
4486
5592
1846
2622
206
1491
7043
4500
5950
6282
8213
4217
9391
6025
8551
1301
4149
4171
9292
3213
1134
4488
2307
7723
975
4386
8126
9391
6055
8067
793
8416
6851
6989
31
5569
9337
5671
2511
810
8250
4520
981
8461
6551
4731
1053
8393
8716
2390
8506
87
6915
5808
1949
6438
7479
9990
5289
509
5553
3120
2570
5205
7289
734
1565
9817
3931
2737
8898
7363
3297
9969
6982
4428
3639
1426
8885
9799
7746
3499
1348
9362
1123
2316
8693
6115
4609
3281
7435
8116
8763
8625
5316
6946
3842
9557
9054
8544
1134
446
1289
7307
2703
4911
7764
8577
3645
523
908
6347
6674
2036
2407
2732
1035
4552
5670
509
7495
9345
8416
1407
7439
5905
5955
7444
5148
7839
3308
5506
526
793
1744
1646
5121
3055
2427
4361
1363
2017
269
4497
473
7774
5997
9631
248
8145
397
1056
7143
3921
868
9914
4698
3644
1826
1302
2274
4008
1861
1676
201
863
9330
7736
1810
3485
295
6031
6454
9793
1957
278
8466
4501
6979
5415
1715
2402
117
4456
4044
9789
787
115
6327
2303
4781
916
9361
7548
7508
442
3001
8859
7836
6853
6431
4022
5524
8944
8433
8454
8048
3876
4457
5205
3397
3537
3563
1032
4731
6530
7811
6928
1113
452
8660
1813
6657
5098
1363
551
6821
8600
7451
3369
7705
4290
5474
5427
2511
4792
2850
7244
1528
7785
1978
8314
2640
713
9738
2606
6554
7688
8422
4503
5330
7673
235
4251
2410
4932
4118
4949
5860
3889
8971
5926
9045
5689
345
6659
8514
2643
5747
736
652
9376
3906
3039
4014
2443
6270
4353
1439
9144
6324
3919
4667
5232
969
6268
8275
6670
693
3345
1388
2098
8485
5854
8046
504
3599
5681
2746
1132
2961
1069
5382
4197
3547
5778
9436
9762
6833
4492
6598
2749
4950
3698
7070
9347
3354
7444
8537
6325
61
2697
7403
1655
4020
299
941
4394
1425
3897
7955
9168
3239
4256
8018
9108
3748
6557
4999
3515
4864
731
3562
5091
2105
4493
4376
8895
5626
5568
8951
7780
5577
3607
5404
363
645
9259
8433
6043
3929
870
1306
7914
8771
8036
9693
2617
3814
9246
9833
1746
2278
6491
6775
9686
2010
6044
6661
7551
1556
5131
1738
5303
1445
7753
6331
2459
2452
2138
6019
9272
1670
5238
7753
7511
7775
2037
9027
5056
5407
8159
3968
1906
6496
3159
3802
5443
6197
6843
2082
4352
8565
8290
1693
7690
3325
5513
8004
514
2877
5651
2898
4155
9041
5907
6237
6963
6392
3952
6783
1238
6250
1133
8886
3352
5019
4668
2111
2148
9540
342
3897
973
5161
4448
7389
5049
6110
3620
7059
8605
8011
4210
6776
610
3911
1466
387
3354
1690
8960
1742
8614
6323
8181
1801
3839
5600
805
8161
471
8789
1161
6631
2020
8588
3121
5510
864
4083
7478
7204
5736
956
1652
8193
2871
9653
8680
6373
2343
4785
1522
8923
8732
7543
1073
4259
3604
5742
8382
1565
6279
6355
1487
8473
8383
2617
6498
9202
9404
8120
795
3859
6879
5514
7204
9818
4680
582
8503
2704
3399
7912
7713
2674
6900
7552
8510
3650
3315
8720
5604
8590
1232
1066
3830
3753
9962
142
7038
2400
1111
3513
6239
6876
8861
4578
7390
7950
1584
7095
2948
2577
9141
2556
2634
3057
7034
5245
455
6336
6088
2577
642
1681
9582
4055
9368
1669
8755
501
1938
9914
639
6723
1646
9643
223
8799
6767
3594
3132
3395
3931
8978
6718
457
9303
8849
1882
6871
6170
7211
6078
8366
2597
8449
5709
916
7251
487
4003
2427
5465
3500
1103
3569
5364
1804
1328
1711
9058
5738
2182
1142
3096
1665
8574
2155
7095
2913
9505
7276
6002
5598
2897
4995
7480
9259
698
8880
5841
2589
1369
9963
6400
1939
7203
6352
5388
9180
333
8780
6180
7849
3163
1228
790
281
7264
3005
8131
1594
3114
7383
4171
5556
5439
3323
231
8874
9519
1188
8559
4993
1455
355
8626
1547
1048
650
2100
4597
9410
3859
2384
1043
1096
6065
7907
3125
8593
7549
4042
11
4592
5860
8832
7259
1394
2276
3647
8587
3738
2846
5321
7073
4114
4909
4251
8943
4136
3757
3974
1460
3994
2272
4275
5061
504
2578
9577
5715
8925
7701
4325
7725
4082
7855
558
9934
1719
4328
6043
6873
6582
8985
331
3752
3998
5478
1640
4252
7329
9140
2304
805
4178
8590
9720
7803
3207
5834
790
8509
6223
7538
4258
7599
6761
9797
5266
9529
5385
5588
9352
1473
6239
8369
2769
1297
9998
9322
5028
8317
6285
5244
652
3925
1958
5514
8043
3488
593
9734
8452
1857
7029
5551
6988
4219
418
4913
3798
7127
5301
6196
7025
5406
705
5746
8423
4138
4175
1476
939
5886
4762
5855
5335
9422
8610
273
3577
7617
4771
3744
5376
2682
9992
5258
8000
4429
89
7520
1367
7366
7351
2739
6834
2653
1673
1225
4217
6974
6332
4562
2538
4573
8787
9275
6733
5709
7105
4829
1565
7721
4199
342
9767
4868
3463
4221
1065
3922
1723
7084
7297
8673
7898
1678
7128
8714
9969
9313
850
617
7266
5150
2540
6131
7061
9996
9994
7119
191
4426
7299
8341
4555
5796
6627
7738
5980
1429
6436
8630
8323
2947
6512
5268
6987
7617
7982
3408
9223
3351
224
3126
2125
8517
7710
6351
218
5532
2922
5454
3386
70
2200
7200
4073
4356
6561
8106
9059
5790
9708
3940
7005
4224
3904
6395
4726
824
8513
5979
1894
4885
3805
1027
1497
8194
5691
6186
9151
9417
2185
568
7276
8395
9480
1831
4127
3092
8253
6079
9241
7571
4813
5192
293
4016
5165
5554
5126
3119
7324
5144
4474
6681
118
7707
6385
1075
6816
1635
4897
2990
3314
967
273
6294
7693
9413
4280
2831
98
6069
4186
2722
9316
4927
5623
6094
370
4261
7592
8545
875
8611
2351
7967
6008
7306
1730
7314
264
4852
7579
5112
5251
5209
7031
5763
5638
2471
6225
9745
5646
7096
6274
133
7612
6133
5440
7654
5917
3920
5048
4172
6875
3079
8305
8721
6205
252
1927
6860
6959
3881
7865
6209
6791
1560
8120
7149
5132
4009
2196
6695
9948
2884
2956
5561
2785
357
8202
1844
968
8575
3361
7562
8168
5601
7149
5389
9250
9005
5965
5117
5874
4703
1943
2007
8649
5746
7264
9794
1629
2277
8623
6156
2423
7477
8261
5529
832
1692
6467
5541
4145
8606
5520
9783
4604
4348
1165
910
6307
8969
6320
8064
8012
1761
9953
2534
8246
3186
9837
2012
5285
7690
604
7372
6989
5367
1049
8963
3669
4933
1158
5828
3778
713
4401
7793
9749
3573
879
8192
7276
5020
43
163
154
6348
3476
6216
3755
387
9849
2248
8094
3010
2569
6036
584
9718
7123
8801
730
429
335
909
3816
8717
287
7890
7455
5271
7438
5072
6153
626
7515
768
9927
2524
9995
6555
4514
5299
5376
7553
9735
7449
2465
79
1669
638
9040
1216
4894
3919
4026
7964
6127
3604
7927
2071
3397
4911
2214
9065
2741
2455
4076
4276
9695
4540
1009
9418
9768
6813
720
5125
2985
3101
2129
5161
8880
4251
2476
6828
634
5896
6387
718
8323
6971
8341
1932
2579
8584
9780
4551
1854
3111
8506
9594
7311
8153
772
5490
8361
6876
1586
3054
4338
935
3891
3566
1541
2761
9346
209
2860
6899
7575
2318
5408
2766
7332
8173
1110
7743
6338
9751
6974
1118
1680
7120
2850
9790
8671
2525
4048
6350
5125
1305
5950
6181
8900
8331
2096
9780
3967
9754
6096
5853
8225
5096
6818
9850
8881
4821
6649
7119
8830
6131
2355
5384
2890
5856
4101
551
8591
5465
5291
6990
7571
1090
1831
1507
9793
1594
5933
2184
3134
3012
2576
9874
253
2937
3636
5433
7944
1889
9353
5893
5714
6665
7815
5154
2822
1687
7091
770
30
4593
3493
6360
2153
5285
7276
9708
4133
1834
3944
3586
8300
8731
6235
9821
4598
3228
5924
9464
5300
6397
2560
973
4908
1109
5495
9030
5006
3089
6312
3992
8218
5074
5721
7112
8259
6429
8870
6781
5980
3556
3421
5148
2741
1787
7226
2730
5419
6013
5501
3412
8290
3589
8445
8930
7047
2833
8495
4769
1230
4346
9041
5048
317
3719
7637
3530
9100
1175
3155
5441
9858
7638
3575
2739
9749
5519
3419
118
1221
6377
6138
8231
4541
9221
2458
5712
4959
6331
9579
976
3668
2557
6649
7659
2517
3484
8195
8105
2401
431
463
917
275
5067
5620
356
407
7077
3242
3037
2321
1194
4744
4974
9570
1224
9219
9348
7521
8974
4599
2397
5418
2151
13
4256
8749
3309
7265
2547
9581
7025
3749
5300
9996
383
4894
4473
6168
1111
82
7594
1724
2894
1716
3510
2093
1499
724
3258
9719
4391
8559
7813
1420
7780
968
2624
2865
5815
1497
3411
5261
9881
4369
6875
9143
3119
3778
6559
9811
945
5343
3577
3265
161
8632
8601
6858
1546
586
6205
3583
8209
6527
9893
3320
128
8806
4762
9870
9269
5688
1221
1613
2882
9328
1781
610
7990
8540
4627
1461
8097
6574
8135
6700
6717
3361
8565
4116
7409
5185
3674
2484
1896
3539
8455
1864
9158
6468
1624
5070
2131
6986
4214
9385
9561
3581
2287
3336
9440
2505
9295
4746
1153
8026
1616
1001
4224
619
6693
4040
2107
8019
9660
1714
3432
9222
4760
8792
404
829
1958
7695
8094
9179
2864
2012
2346
6516
3877
1077
5881
4787
6193
8829
4767
7103
6575
132
5957
8178
2676
481
1846
6511
8816
6213
5133
9782
3925
8021
1268
2686
5153
6204
1936
6183
9040
7219
8448
4434
6242
6341
5582
9127
1107
6124
8005
1482
6369
9609
4729
1233
4784
4140
4300
1998
5489
2681
4788
1869
2697
9963
5907
6370
9109
7937
6823
3721
8642
7241
6921
7202
2962
4277
9418
992
9587
9520
7407
7526
7729
261
7814
7830
5811
613
1625
3950
412
603
7464
5576
5487
2438
7420
4342
2125
5050
2287
3039
8866
8299
7631
8209
1570
5503
1753
188
8347
4360
1163
6672
5628
6291
4362
8924
6139
1496
2715
1963
508
3189
8870
3091
7525
4721
381
6132
9813
3027
2018
7267
3548
3285
463
9306
5006
6881
3592
6326
6665
4382
3523
403
9421
6894
752
9374
8675
6592
300
5615
126
885
7625
8234
9909
4537
7024
4027
2378
1704
8574
6179
2189
6403
2917
1882
6161
8646
5618
6153
9575
8078
212
1307
9521
2309
3845
5465
2791
7545
8122
7529
6205
2902
4364
6121
973
4538
2962
5796
3272
1702
1534
3721
2463
3728
1580
2924
6520
426
9987
3747
9171
5254
6906
1909
4404
8689
8532
650
1906
4337
239
626
6758
1316
830
4780
4824
1727
7375
4174
1866
4312
1759
162
5599
7608
5522
7084
9774
4313
6471
5262
2296
1152
8705
397
6257
1199
8713
8635
1954
2130
4999
1432
5988
9675
5784
9471
5377
3669
7314
674
9389
3962
8972
4315
649
5097
7201
7511
1295
9775
4651
3847
9986
7401
4436
5069
5204
4043
5152
7529
8898
2185
8320
2039
3540
392
6200
2606
2166
7639
2841
9806
2396
5080
8273
5902
682
3869
22
4440
7177
1033
6810
6410
8716
7692
2897
4868
7706
6002
5126
9440
6190
2865
2692
4458
2402
293
937
4741
690
1970
8030
9389
6804
6126
9034
9768
7052
9472
1388
2556
4533
1553
7824
8660
1636
150
2978
3899
2462
207
8822
4780
9522
2135
3488
9997
3513
6032
6856
1855
2657
9522
1182
3148
5936
6136
1779
9285
9117
4656
3345
701
4082
7621
6570
7535
3365
8211
4915
8528
6030
238
7532
2969
9754
1911
2064
3853
8085
5636
7423
1001
2654
6867
7940
8470
4413
323
2041
9840
1207
2599
1551
6586
7753
5248
1746
2727
2075
6430
8946
5758
5123
6939
1429
6899
2066
9308
7920
9189
4995
1805
3756
4256
4711
4784
2798
6440
6182
4538
4903
5175
4104
3298
2659
5853
7513
5214
3686
5722
6082
84
6025
3106
9323
3314
6299
7445
8822
7171
5771
8193
3871
9591
42
1726
8935
2582
5398
9741
4744
2312
170
1909
3770
1020
969
6018
1100
6171
450
8739
6774
6176
1493
23
9778
2848
3516
4445
546
4072
9102
7342
3380
6639
4918
3808
6154
8320
633
1073
8334
5483
8221
4213
939
6802
2541
4773
9918
212
7456
2957
2402
944
1618
4202
8179
5087
3556
9605
5074
8182
4853
4919
6975
6991
6411
7218
7228
7451
8003
4849
133
1855
6492
5861
8901
1072
5882
8691
8316
275
2094
7718
4564
526
9436
9558
9035
4525
45
347
2114
618
2828
8281
187
1925
2837
8256
4953
3587
3951
7640
1545
1854
2051
2287
1206
6721
8333
6168
9601
5430
9160
6168
8375
1910
2654
9095
6805
8629
3589
6521
1390
4544
7183
7023
1861
7995
7136
790
7805
4163
3467
1779
2389
7765
334
3680
3913
5138
6194
8191
8042
7992
5048
9185
7911
5973
5318
7562
798
1059
3544
4412
786
7267
7097
4006
7624
351
5529
656
2756
6344
1009
1485
9573
8305
2682
8212
3289
7150
1493
4164
8419
5813
1708
4795
4529
4567
8830
1818
4113
9315
4976
8208
3611
6336
4119
8761
6609
2317
4075
186
6154
654
6110
4850
8086
6589
8146
8871
5236
5171
737
9203
2503
7225
8527
6819
5039
9576
4978
3572
5755
1345
2635
4161
4787
5922
9637
8628
1227
239
370
4559
1099
5664
4653
8223
9652
6277
9635
5973
2037
1067
2067
1897
4035
9521
5741
3605
1694
7907
5488
4547
8551
234
7396
1275
4407
2615
9838
4164
5603
6370
570
9229
7347
5820
2252
4815
58
2053
9735
5978
9896
8066
743
3666
9682
5367
4963
3149
4858
341
7218
4835
5778
1369
9719
7514
2099
2441
3632
5924
3540
787
6016
110
6767
4091
2229
9231
4965
7209
2764
3282
4744
7445
7625
3049
2144
57
2044
199
6671
5242
1318
5441
1831
5930
2881
649
4164
2708
6165
928
1371
3917
1535
9311
3209
5884
7589
8922
7216
4749
3662
7368
7891
7360
2341
7002
2891
6818
9764
3391
2681
9901
3302
1432
9587
5096
4973
38
580
9669
8010
1445
9524
7291
2532
9165
7934
473
296
1692
4392
1134
4999
9290
2644
239
4854
6306
8796
5534
3927
1536
1765
3915
4382
5509
2882
5042
5271
3164
4784
5592
2779
3455
3562
2204
7273
5442
2154
46
3594
946
1512
9767
7189
6338
7255
9485
4554
3388
6658
7769
4562
4664
8733
9375
6556
4067
8383
3585
3963
7574
7093
6937
9460
6488
6521
1865
8908
8747
3242
6409
2710
2391
5869
1716
2211
4974
1416
151
3962
4260
6198
735
9712
7729
9566
5798
7050
6382
4342
3986
5174
6641
1581
6659
5760
3150
7198
5375
9976
628
4536
564
6585
1320
2290
5361
7965
2072
1907
9992
5509
9223
9879
9196
2446
3545
4869
9980
2885
883
6980
7698
1715
6250
4038
323
1836
9197
6085
9531
8538
9752
1521
6443
6223
400
6196
8554
3184
4429
7204
2606
7510
6864
5919
7389
3286
7690
7836
9773
7497
2653
9157
4252
302
715
9722
9860
4084
7760
8073
7031
8428
917
4306
9275
6900
747
6014
2539
6743
2809
4887
7170
376
2108
6234
7933
326
5217
6672
7252
3954
8969
1268
7276
2148
3281
3015
1267
8244
9539
1175
769
2204
2230
3637
5392
5923
4454
8925
7569
6718
1672
2600
5939
280
7686
5701
6168
7465
5690
1646
1341
3755
6066
782
6014
8608
3144
7943
8060
7287
5379
3642
9924
6326
7958
8888
8566
4378
5804
3260
7318
4530
3446
1683
1851
5746
6954
107
2426
460
9201
4704
1590
9521
6644
2110
6494
3022
5164
8584
9611
6730
3995
4399
6732
9972
6851
6741
3064
9827
7594
7752
3368
5309
1055
8132
4839
3586
949
8953
8783
3673
7890
84
1401
5152
7788
7953
3608
4090
7048
1413
651
4729
1016
241
4934
5156
5047
6314
4307
4763
8027
2157
7538
7949
5119
1639
4610
1283
7731
1531
9283
174
1273
3012
659
3396
2198
6386
7561
6257
9354
1993
1193
544
1413
9741
2668
465
2832
9697
707
9789
3532
5414
5104
3134
3057
72
4825
3314
9614
6092
9107
2535
2482
9278
2271
72
9020
8478
9212
814
2701
3618
2080
5899
5134
398
7996
7992
440
4216
7699
6071
6743
7199
591
3754
4627
2164
2936
3099
6340
1224
3562
3326
6424
316
6346
2058
7996
8128
1676
2941
8876
8523
4605
6597
6000
737
5904
115
6764
9289
5664
2515
411
6070
2425
4255
8415
9157
347
8762
1537
7740
8852
2673
6281
9980
4640
7332
498
4069
3655
7835
7396
2816
1292
3387
6630
1873
7254
544
5352
9602
9093
7758
1873
3572
6652
2360
1251
6552
9309
1819
3360
5476
3485
9147
847
4937
1692
9731
1049
7864
9833
8178
8530
332
616
4841
6637
6859
5561
8731
5064
46
1536
8644
9000
3319
450
3378
5737
3866
8250
5209
7485
6011
5105
424
6696
6062
4475
9410
4925
1366
1116
2336
960
9389
5726
4075
4960
4906
998
3134
855
7912
3547
2560
5753
6843
937
9592
5294
8133
2896
5073
4277
302
8908
5525
7534
7801
5081
7071
2587
43
1133
2385
4027
5630
6154
5725
9116
683
599
567
6387
4158
7362
6400
4626
5355
3900
7638
8270
3670
1353
2815
8307
6824
538
8573
5550
5813
6385
244
9246
4946
809
7200
7439
8715
8936
282
3179
3082
6506
6273
4055
8267
4578
5598
5998
3700
6872
8392
6725
4506
9458
1855
8404
6390
5160
5084
4676
3662
3584
8878
5858
3255
9067
1736
7320
2400
1907
3279
5388
4338
1353
9960
4142
9483
5959
8039
3546
3857
3895
3771
3471
5083
8326
2780
1939
3011
2769
2479
172
3072
1410
1097
7012
7463
2559
552
4194
8457
4519
6424
9064
639
754
1753
4102
6106
8844
2630
2801
6175
7462
6985
5544
3511
8514
1427
1404
2252
9681
2177
9442
1462
1682
1904
8480
430
6113
1161
2025
3042
5426
8048
6685
4846
3872
8687
2489
339
335
8969
6704
969
6610
9841
5116
376
4498
1712
6988
3868
5444
9694
1746
6702
317
8417
721
7191
1261
2457
2712
6903
4750
1045
9159
7867
4735
3702
9252
1204
777
3690
786
556
2182
5116
358
1052
481
6799
1566
1936
6742
5250
8200
2787
1839
5334
2051
4527
6432
259
701
6276
4199
9169
6481
513
2460
8011
1619
5576
8441
6838
7923
1780
2846
6120
8340
6269
7212
9612
8863
8324
3076
4266
7279
5441
3347
4236
7762
7281
3332
755
5874
9381
5387
6241
775
1997
2337
9609
1059
3899
6377
9513
7312
3436
4630
3088
2464
6185
255
6274
5914
7299
5912
9313
2117
404
582
4878
795
6905
2295
3654
1973
902
2340
1953
2598
9978
7596
4220
9230
9305
4118
9774
8548
2304
266
400
9111
5418
7509
8766
8699
4425
4896
2771
1668
8
6148
1258
1882
3237
6644
1463
6944
7475
3294
572
5977
1717
6488
7792
544
462
9675
643
9804
1501
6647
9828
8950
7118
6171
6044
1951
2947
5895
3772
970
5833
1720
9674
2185
6606
8599
1314
4224
4936
70
9904
4828
9481
5713
610
7495
3494
3669
1890
9347
1903
8439
7993
4615
1520
956
6264
4145
5277
5977
4905
4193
8019
7695
4267
7303
5891
5148
5492
9601
914
504
311
4588
3539
6211
2957
4222
1965
1056
8392
9397
1297
4280
7402
7655
9067
9878
9101
2894
6690
3874
373
1510
8770
1540
8201
9165
1486
5583
855
8191
3899
4000
7774
6981
1038
4474
1325
7440
2415
8631
8752
7791
5791
197
1572
1842
733
2099
2953
2817
6702
3854
2285
6869
4274
8997
560
4713
8811
4285
6281
518
368
1769
1472
5409
839
6354
8190
3851
2425
1895
3064
8332
1654
8186
1841
5748
193
4415
3174
5702
894
5770
5563
4042
2832
8443
6059
8007
6615
705
8742
6946
957
5728
5403
9022
2345
3432
5037
8553
6117
2284
1066
1784
1170
7556
2047
4392
8611
7928
481
314
7710
1473
1805
1009
198
8245
5063
8161
4045
5542
6584
7567
3055
1265
57
6456
2049
2007
581
6168
3136
7409
8499
2721
3518
4125
3002
156
4927
4151
5109
24
3817
8222
8366
7077
4097
781
3712
2486
1706
2234
7933
3144
560
7591
1655
1898
5963
2891
1554
6738
3046
7075
1967
656
9671
4899
8476
4651
640
2395
6544
5501
9980
9279
7083
7396
5005
5936
8002
8271
7706
5577
624
6107
6413
8447
6033
2592
5170
2752
9505
1636
7108
8654
5770
9875
5960
2480
6403
672
9972
94
2524
9812
8194
5263
3759
9385
2327
201
9736
2490
5928
5661
8334
5298
4995
2148
4674
4199
2802
7330
9213
5882
4404
7421
9823
2469
8014
3074
9818
6056
7350
5357
1990
3993
3800
1755
4582
1023
7913
3606
5487
8259
6592
5299
5409
3482
1884
9284
808
298
5896
669
7714
5184
8051
4365
7787
3843
5124
7876
3965
1264
6626
9764
4473
1385
8985
9421
5068
4708
9440
3072
5796
9204
4447
6408
7079
9552
3494
3400
3053
8806
6784
686
9532
4802
2238
5306
5466
3192
519
8050
6665
9810
5732
9726
5187
5263
5730
1331
7821
4850
4777
8070
9008
8028
193
9879
1068
7134
3115
8399
206
3478
5845
64
2392
2187
7455
8431
9288
8208
5714
2281
3081
9595
9544
7160
1278
7816
7438
1032
934
2806
9854
8354
9954
8244
9537
7116
4458
6017
5081
3507
7910
5030
148
5118
1969
3337
211
9497
1408
2184
1586
3187
6585
6263
7114
1421
6359
7951
9066
1335
9794
4604
3884
1985
548
2010
892
3299
7631
1861
8858
369
6595
995
1560
934
7124
87
9991
5444
9616
1563
4467
6446
8358
6514
8182
8922
2554
8689
5122
6703
3182
4240
1728
3678
8884
8426
2589
9480
6022
5078
5036
7716
2239
2488
1694
6356
4043
6656
5285
2027
8194
486
848
8773
3210
3448
9465
3755
9187
4201
6977
793
7237
7070
9012
5318
3900
9679
1441
2887
7196
9759
3002
6394
3687
5122
3617
5122
3828
4434
4171
811
6419
6724
2517
3076
8740
9156
93
6123
3325
9139
4403
9506
2899
6882
3590
4917
5704
5909
8931
2413
5739
7310
2271
7372
8455
5068
3102
1581
2378
2231
9363
1936
2606
9073
5711
7063
5165
2052
9791
7320
8853
444
197
5543
276
9416
1505
5030
7958
3321
4288
3941
8881
3774
1049
3769
4954
6434
9344
5122
1145
6796
6875
8133
2017
8026
1642
7258
3906
499
539
491
2935
495
7955
1970
2836
3339
2000
8678
8608
1958
8835
5706
1818
7146
5731
1259
3214
7569
9812
1068
9246
7725
1038
3575
4086
5195
8337
9993
9680
364
157
9027
4527
4504
1176
3921
2176
6601
689
9313
4451
6728
6281
4186
5520
7696
3864
8031
1197
3140
4565
6647
8196
7222
6775
9377
1626
4126
4800
9697
2275
3340
6674
2490
8521
3844
2817
1743
5315
4828
9998
995
2283
3500
8749
7313
6145
2730
8182
3136
5844
552
6464
6127
4487
7091
9060
3121
8409
8929
9061
5101
8885
6480
2724
9229
8288
3614
761
4296
810
4290
6837
9911
3876
3038
9820
9289
7736
5189
4088
4251
3487
9560
9088
2912
9252
7616
5152
6784
8846
8064
9609
2617
7332
738
9920
9367
4801
6147
2668
9113
9151
6773
5649
8809
9305
2712
4130
5183
3825
461
1738
7612
393
8800
9602
1622
4822
7576
374
1405
8630
6758
8842
8705
8763
3311
5827
7989
4968
2398
4168
6220
9280
9970
5166
2775
5991
7000
330
4672
1513
2430
5352
2766
9856
109
274
5374
7561
7785
5732
9330
9358
8239
2596
2929
3942
51
8327
3299
2081
8332
9126
8143
5737
8965
2311
619
8794
4810
7904
1783
8907
3156
7934
3150
7774
698
1291
5747
297
3998
5
4012
5999
2648
7218
3653
1858
3434
2601
8620
2775
4600
1381
4253
164
9450
2506
5857
1230
8297
993
5552
4099
1787
1464
3240
3711
3124
6697
8896
1843
642
2741
4694
7288
300
2609
7258
25
6959
4422
9373
6920
6878
430
2370
9679
1229
1714
3303
6927
401
6073
1399
3038
6287
6962
9767
5985
2166
6345
7059
7186
9330
7264
525
20
8040
221
1627
8058
4160
6184
1186
9550
1947
3056
8234
7013
6154
4891
3351
3016
5631
5699
8696
7991
3451
5560
9512
9518
4908
7191
1608
3698
7371
7153
8493
7086
2647
4193
4227
1982
8632
7501
2854
3845
2794
9973
7761
3874
1756
1585
9181
8358
4158
7051
6480
7610
2557
4038
215
2196
7859
6014
9737
8144
9047
3814
2802
5779
5573
3801
7168
9123
6914
1104
1510
7099
9464
41
6227
7715
3089
640
6246
6405
4571
9247
5225
5827
5535
5704
9951
5869
5383
795
4596
518
7155
5626
8887
5359
143
8226
366
2788
2268
7900
5342
9610
560
4105
2941
1971
4596
420
4670
2081
6289
40
7713
1407
9967
1402
5853
6677
6930
1497
3379
9634
2587
2649
9689
6653
80
1687
5463
3997
3184
3823
7449
6447
4398
6513
5674
9582
1264
1529
1105
2229
3468
2116
7843
1736
1175
1272
8717
1098
2066
6805
7236
3776
1467
7631
1283
7275
1444
5365
6920
1003
6443
4755
6564
6726
8799
5196
4918
8097
8866
1531
922
2911
5737
7951
3947
6461
3620
1102
6010
4822
1459
9450
4546
6618
8574
8792
8882
755
2248
8872
7374
4216
7609
5142
1483
3995
6062
8614
8157
1831
8887
4054
9734
4857
419
6965
8165
7111
8562
4024
1585
5478
2144
5605
5065
110
7378
801
6658
4818
4536
1211
4884
7042
6070
6563
3305
3194
5640
316
6539
1020
4425
1526
9841
7407
9831
1248
3149
6580
3853
8691
9326
6550
4981
9217
2037
7208
6354
1988
7118
51
5087
1290
2566
6581
222
8918
4219
6830
2936
6714
3324
3436
7957
7015
7894
7215
6416
8047
8480
9183
1761
7257
7148
2306
4623
2299
9635
2386
4617
2590
5251
6772
4937
3331
928
7660
6381
2650
2076
3268
5802
4363
3101
3940
3847
8757
7362
707
5658
3644
6985
8676
1626
4311
1288
8389
1801
8270
1197
8362
8437
8283
8445
6751
2114
4655
6366
1203
8655
4397
5290
8824
7979
4924
6296
9198
6235
7308
4096
4969
6834
7651
8195
4160
3380
2218
9053
9085
1520
1255
1857
4363
3408
6503
7655
4209
359
2844
1420
1334
1600
4618
6223
901
1302
9624
3515
9529
6268
9161
4941
5210
8835
9521
7116
8526
2122
2684
7401
1876
4639
3970
3722
481
3863
7246
702
4246
6596
7030
6599
6001
4907
7709
9495
5065
9320
4235
8001
5774
1064
8390
5669
1477
5594
49
3776
4794
2746
9210
9029
6918
2658
6026
36
873
3350
3821
1278
5130
740
9624
3018
6337
3454
2338
7711
6798
6844
3427
5094
7899
6602
3824
196
2885
3058
1456
2553
8512
1966
8721
1600
8401
9414
1771
2843
7630
5177
3614
6562
2616
4259
9359
385
5761
6675
3317
5875
4369
1982
1161
8999
507
461
1539
1957
7445
5639
4346
6068
877
9459
299
8116
8927
566
3954
5036
7964
9436
6110
5015
3533
3774
4758
6616
8894
3431
8162
7823
4622
3163
9532
4654
9002
8494
7468
6437
2130
6102
4058
8718
1564
3702
2166
4894
381
8238
2459
2257
8543
8203
794
9129
7749
7056
9866
2795
8322
9590
8149
3918
8112
399
3638
1513
4693
1466
3445
6799
1352
8570
2957
6658
4041
5153
4940
8938
6871
6155
625
6488
308
2754
6076
7539
1292
4069
2167
6118
2123
1357
3802
9005
8932
1540
8547
2418
1351
6315
9724
672
8258
9440
4126
1084
5185
9425
2203
195
6041
9801
3937
6780
7734
6252
8929
9266
5021
4058
1944
2774
6404
4838
4061
6215
8343
7368
2304
7911
8828
9406
7403
6388
3630
7891
8985
2424
5487
7106
6397
9574
5982
1795
1702
7081
6817
5623
2838
6498
3638
8618
8297
2453
2378
5821
9066
3737
514
8967
5608
4947
16
3455
848
4967
4886
7823
8204
658
6399
6144
3920
9950
3348
8645
3933
1211
8322
4429
1989
3966
2945
4338
7543
3617
216
4160
2845
2847
3844
2044
6472
6323
9456
9018
965
1556
9863
5873
2880
3718
5437
8182
3663
5768
2469
699
1089
1406
6228
1292
6364
515
9211
605
8269
8629
1898
7290
1506
1733
6135
7187
7212
8161
1639
1675
4824
727
3533
4372
3620
8497
3014
6642
2037
1040
9326
6434
7263
4703
1315
6606
5893
2797
2319
3335
1480
5181
1916
247
4981
6806
4537
4361
7231
3642
9889
4589
4371
7582
4899
2277
6225
7102
8917
4975
3344
401
170
8054
5410
7608
1835
1024
1870
8327
6427
1165
1988
3814
4139
5762
9682
1694
1108
633
1661
7499
603
8526
6900
3779
3191
8335
7862
312
6742
2200
2843
6936
9463
8594
359
9559
265
4254
6482
6206
1705
5675
9356
1722
5585
1673
9302
9259
9492
7551
6051
1215
6176
8313
3669
4659
5171
6687
1037
6285
6214
8619
8001
8337
6239
466
5881
1703
7960
84
1484
2605
2646
7723
3869
4679
1901
7590
4635
1159
1815
1752
8541
5474
1404
5689
2164
5881
4452
2944
1442
9161
2640
9746
8800
8072
4255
8210
9413
1076
8724
2542
8522
5681
4750
651
978
8631
4328
9702
1678
447
6679
9808
9846
5072
4107
4139
4620
338
1925
8110
4562
8454
6832
3002
1619
3128
3266
4447
3670
8218
6506
5704
1415
7270
5068
5815
2664
9544
16
4021
1324
1838
9153
9009
7339
9189
2874
2812
6664
6218
4548
9462
7208
4577
4050
3695
7718
4877
5030
6389
3081
54
6725
5454
94
1992
3837
4170
5514
213
3952
6815
6511
9473
6449
4153
8567
2494
6196
3366
9398
3708
7131
5491
2161
4327
2595
2813
6117
6517
437
6623
2650
930
8897
3131
2733
4082
5374
4656
3828
5194
2468
8896
8276
4116
2883
388
1575
6886
7909
7670
6049
1909
9655
5105
4217
3443
8462
2224
8364
922
5020
6089
3396
4332
3706
5597
8831
7169
5592
5110
6740
132
4601
2628
8184
3378
1346
4637
2086
8664
4970
6664
5973
3313
5828
6429
2987
6305
8959
9924
9591
8729
8295
9568
1171
6271
8925
1774
8480
832
5146
4439
8468
3661
554
3607
3557
8680
540
5920
3713
4578
6813
1832
7566
6859
8109
5267
7923
941
7794
9045
5922
9533
8770
7951
5701
7719
5877
3852
8124
9164
7295
9088
3664
3715
4371
7893
2489
3346
3179
5194
4211
1407
9068
8786
4872
1264
1152
5869
2927
5763
9940
558
6409
7907
904
4786
2051
7648
2990
2129
5327
6113
2338
9132
2117
2753
6416
2025
7182
139
9964
3014
3817
5372
9667
8049
9582
4092
8183
5018
1288
1488
5264
2445
9432
2407
566
550
2331
646
20
2762
9781
7419
2320
6647
4894
9283
4654
1297
9906
6416
7354
497
4095
5075
2012
1475
8494
2986
6623
5699
1164
7614
5715
6204
5515
7764
1496
246
3465
3382
2884
6451
8986
9333
5813
190
6328
69
4792
3639
2560
6829
6387
7158
3584
626
8789
8690
3651
3591
2179
7750
439
5035
199
2537
7310
6295
4730
1567
3432
3626
1865
7192
6521
2987
2972
7900
5551
2275
1930
5289
8035
2701
2721
2049
3832
1699
1882
3644
2409
7742
289
6206
4004
5778
314
2606
5053
2491
5512
1660
7109
7440
6912
2101
8513
7307
803
1181
3870
2650
9313
7601
8841
2605
3137
5423
3172
2852
229
1307
6668
9293
9683
1208
1248
8063
7543
7528
3780
3310
1277
9994
8811
2435
6179
6710
6459
2287
3156
3486
8049
6644
3991
4700
220
9737
7726
859
6288
2112
2852
6108
1080
9261
8838
207
4198
7678
5643
8851
6959
9754
8070
6308
6327
9199
1792
6742
3540
3396
9052
7787
5781
2815
7835
1334
4186
2124
3254
6290
4359
3300
754
7948
1242
509
4422
5248
3171
9003
8272
9147
8107
2267
8031
9942
1524
3393
3314
2659
9304
2693
7622
95
7190
1622
6262
4395
3454
8819
1139
5359
1813
2570
347
8997
3692
791
7214
9030
242
6131
1813
892
5298
2959
9780
9789
7039
4115
2902
2568
1347
9439
6912
6134
7455
7749
7862
1815
884
9866
258
7678
951
3967
8460
3491
9547
3448
6508
4157
4000
8225
4243
8978
8257
6223
6352
4676
6020
3075
8423
2368
4433
4462
1876
540
5469
8585
8086
2421
3416
9420
9087
7660
5065
6752
9808
9252
8051
3900
7258
2114
5641
256
2983
3401
9972
6074
5088
8967
4989
6251
705
4264
6734
493
9071
974
2923
5404
4642
5059
4085
5478
6998
7652
8358
1480
6051
2195
112
6350
6661
4480
8232
4462
7726
3820
9256
1050
480
5891
5433
7305
6176
7100
7975
857
5949
3816
4581
4236
5334
9484
5961
867
3138
5187
5435
6099
17
9868
943
4539
7257
8468
3673
9063
5059
1465
4999
8540
2620
9604
2962
4424
7281
7769
7398
350
5898
3957
4649
8611
2879
7467
9567
2736
7296
6164
3939
4573
7863
2442
794
3646
9329
2809
8233
9333
1731
7498
8671
6684
4144
3220
7908
3508
5455
8089
7288
1895
4369
9697
9728
4703
408
3917
1283
473
4572
4164
5691
1746
992
4619
8446
2596
2538
3499
6724
2421
1465
6029
6746
4741
6295
7473
8092
1962
1062
5465
6441
8913
5215
8216
2345
6459
7598
4431
2529
7658
3922
8397
9342
4383
8617
9577
2791
217
5088
9895
9845
52
4065
8988
4902
9284
9022
743
1126
8820
1298
9956
6230
2648
3520
4264
8478
6899
8427
6635
3573
9742
5101
366
9641
3038
2780
3713
3522
2617
4015
3241
4632
4717
1719
5652
8621
5204
2897
7825
2669
8320
3296
9592
5929
9671
5120
2122
3643
1988
7677
7022
827
9282
9355
9280
3624
2813
1319
720
1801
1023
9235
1211
1723
7660
9479
6865
6381
1602
476
5611
446
1561
2363
8576
6864
7051
7082
9980
2301
4440
9055
3332
3359
3377
390
9841
2597
8583
581
8464
858
1528
6951
2059
7607
7517
4574
2831
1136
8842
2314
2914
4212
4315
4607
5495
6757
9712
2172
4745
8383
3629
7598
665
1005
7720
4635
9597
1871
6408
7843
3070
7503
3535
1417
3829
2762
1564
1911
1146
740
6024
9592
6385
5260
9282
3753
4427
7494
8849
7920
2094
1854
5422
1813
8553
5345
1907
7061
7839
1808
2940
1723
9702
7222
5649
6866
5060
9232
5989
2879
286
1123
5031
3283
453
8097
4618
5988
2390
1197
2667
8739
4134
3814
2839
3744
7296
6055
2302
7362
9491
1092
2080
1355
7716
3833
2842
641
6916
6916
4997
5745
5910
8539
404
8036
5241
6256
1248
9004
5109
5256
873
9936
6893
4802
4628
8779
6073
3516
5220
6156
3238
6856
6798
3551
1571
8134
2133
4593
2210
9315
8935
8537
6400
9031
4026
1802
4857
1220
8462
4477
1141
9185
1497
2069
8256
7998
1953
675
1266
7866
6850
4256
5587
6072
8212
6017
5297
8407
4015
3085
4089
2441
7734
1635
2022
7906
9286
8271
3666
9946
5474
6628
7696
6918
2405
9900
1819
2919
9482
1731
7493
5262
6067
1146
119
2863
2653
1279
9880
8154
4148
6706
677
5072
544
139
6982
8202
9108
5056
223
1037
311
9628
2259
9041
5017
7106
5096
5897
6348
1015
4271
3156
1412
37
8076
5322
8565
7588
4342
2858
3631
7036
9379
1239
4321
3246
7930
3738
5215
9289
7309
5866
6681
8385
362
8704
8386
8419
5413
927
3266
6667
5389
9257
5425
8623
8609
4
3288
5004
8661
1266
9549
7943
4430
392
9555
2455
4287
9406
9636
1654
8807
3756
9684
5472
7392
8286
9804
1034
2718
5542
472
9084
8489
9511
2197
866
2368
7817
7906
1300
1459
5840
1258
766
4115
8991
7667
3139
7857
9570
8127
547
8090
8464
3397
8595
7507
8919
9555
9940
1150
8937
3706
2773
2784
9643
8765
8139
4629
6647
3744
8439
3050
5695
5185
1566
9341
3305
6478
5884
604
8290
9611
4667
5008
7906
1766
697
4558
7126
1250
3325
9297
8645
5476
1666
6974
4082
9589
5989
3532
3479
2332
4289
7847
8843
9967
6595
8361
7266
9103
2144
1724
5898
245
7627
3576
4237
9493
6939
4028
4185
3478
9201
6500
4053
8018
7824
3535
9254
8648
8366
7970
4344
5268
447
374
575
96
6313
3666
8021
8226
6826
7341
7269
2553
5455
9195
1645
6349
5143
6859
5563
3642
3052
5954
3062
2481
8874
4975
8741
9907
5712
3299
9028
5779
700
5907
8313
8831
6812
2324
2766
7443
727
6923
225
2834
706
8215
2736
6762
5944
5093
4712
5563
5754
5751
995
7916
9916
6457
217
2818
6872
2105
87
6405
6548
6745
1780
1641
4119
380
1514
2574
2610
2193
1033
7293
2178
8104
4511
1208
4506
4135
588
3989
3462
1312
5353
9326
1330
3099
8720
5248
7570
4562
9342
1222
7827
2982
8700
666
3335
3269
2085
3568
4775
7357
7210
4678
7577
2649
2824
979
9257
349
9651
8275
5885
7385
6467
933
7401
4703
5348
9562
6345
2202
9476
531
2278
7141
3117
1469
9704
1372
2794
4611
7330
9113
2142
9272
2740
486
1959
1928
7714
7155
1465
2979
4763
6157
9534
2957
4620
2211
9587
4364
7067
3852
1494
902
8456
7905
7347
5407
870
1451
4662
373
6896
9747
6882
7008
4751
1356
6327
9010
960
4581
6074
1262
4379
8584
3366
9152
8791
1713
7880
5745
2546
4996
6208
2413
9221
5704
2090
7932
7420
3361
1316
3969
7660
5541
8354
3562
4181
2038
821
2508
5344
5551
6866
6979
2282
758
518
9755
2887
4774
9598
9734
1083
2127
2525
163
585
6692
7470
5215
9207
5208
4769
7411
4978
5436
5674
1105
5956
144
4348
2228
1068
1981
3325
8748
9205
6324
9674
5051
871
1598
3731
8583
4114
4040
8009
4868
1953
6706
4811
2117
2659
3916
776
1207
4158
6900
6406
690
1094
167
137
1606
7874
9371
6567
4470
2022
5822
223
3403
4163
2517
9314
271
4082
7308
8001
7740
4424
5374
9469
9545
4684
6009
9942
5369
1661
6633
7410
1401
600
8327
39
2620
7613
4036
4764
7836
7801
1006
33
2871
4071
3143
8470
907
1528
454
7953
3496
5083
2084
1696
1145
6878
140
3942
5110
8906
8359
2923
3377
2245
5210
9379
8611
7690
3302
408
8923
5228
8931
3659
4331
3088
3248
6717
1159
640
9603
3380
6834
8404
3872
5729
1263
9716
8081
4789
4297
4721
986
6155
3959
6667
1678
4857
5320
1268
2923
295
4079
3593
5590
4570
6419
5113
3900
3298
4766
5910
5533
327
568
6481
3406
8794
8727
827
8275
7327
2653
4991
7502
1903
8647
5412
2559
1107
2534
4695
8289
869
1651
1997
8261
1449
7515
3470
1159
2305
141
8886
9507
1685
4517
1645
7946
6456
9886
4191
7982
6654
848
127
3294
1732
8700
189
5496
9504
4776
9119
274
3583
1604
7748
1180
1349
368
7851
6012
6534
399
9803
1438
2954
8885
7093
2048
1655
7584
8700
1502
545
2718
8669
5208
6516
3683
5826
8405
74
5436
4600
2987
7503
4622
505
2614
4089
1997
5533
3705
4141
130
3906
364
7636
8276
4500
3947
2659
345
8718
640
3138
8337
8837
3670
6156
9703
6318
3971
3901
2638
1247
9688
2754
508
9274
687
6210
5294
1391
7544
4129
5183
631
4681
9356
1134
8694
6633
6601
9124
4000
4080
110
5990
676
2854
7465
709
7295
9101
4998
8552
7312
6261
4037
9723
5137
7891
9003
9551
9486
4678
9360
6373
8550
5488
6209
8063
3783
6244
9219
3582
7839
6169
7696
5802
1685
2018
3813
4665
2383
480
1713
1272
4437
6382
4850
5159
6843
7999
1505
2684
7220
7424
8389
5374
9531
1469
2893
980
1875
5977
1951
5794
7399
967
6020
1448
1157
1367
7550
5487
715
6023
2201
3896
3388
5998
4630
2459
2948
4367
6623
9681
5407
6432
4700
7239
4065
1597
1292
200
4199
148
6167
3485
9571
3127
5335
2588
702
8017
526
1618
6318
5134
8491
8886
6928
7875
6590
6116
5175
6174
6818
859
7386
4947
5842
4171
4869
6539
1691
4247
2926
114
168
2587
785
4724
5621
9026
910
7548
4563
2255
3366
3106
1906
6797
3309
2488
1044
6686
4562
8632
5622
1876
8642
6661
5233
504
4483
6003
2421
3949
1749
4813
3455
1079
2331
9994
8281
1942
2176
6484
9208
9265
5069
4190
4379
8521
8544
56
8758
7556
1519
314
2357
7210
4402
2897
5894
7991
2902
1266
3671
3718
5399
8706
9974
5806
5998
1430
7424
1444
5440
357
7672
6757
5600
6239
8289
3799
355
9872
590
2835
1514
6335
1758
7960
8806
8805
9421
9607
4620
3635
9853
9950
4272
684
8651
4220
1702
1075
7957
4713
6155
8234
5345
8231
6731
2128
5025
1345
5381
8749
682
4662
7377
7587
2315
4186
1114
5228
7826
2706
2175
5267
6946
5666
7052
8489
3016
5453
7998
3998
9493
592
8972
2705
1198
6659
8314
7213
3014
7957
4399
4185
3364
4474
8975
8659
345
637
7003
6065
4273
6229
1692
8749
8530
4973
5735
580
9883
9964
9188
9794
715
7476
7679
9156
5290
516
776
5587
6109
173
9055
305
906
7339
4111
1802
3731
2411
4324
6594
7623
8091
9647
7150
5723
7418
5006
4328
639
8517
834
6268
2388
8467
4785
3217
7411
1798
4162
349
9809
2215
2016
9329
6615
2005
2206
9589
5973
1314
2065
9161
4926
257
7843
4721
7686
5815
8604
8963
1711
8790
1748
1015
4348
5353
6349
5602
8164
9863
132
1864
543
5534
9566
7701
790
7667
4727
1727
1676
4844
126
2675
3139
5891
6918
9826
8881
6656
1806
5775
5897
3193
3576
3551
9373
9856
5647
8900
7545
3729
4154
975
5362
8287
3045
4105
8261
98
3816
8805
2340
1415
536
9340
4322
9596
7234
1230
4872
2239
7246
8489
840
6090
6841
7921
7398
1013
1139
4339
9614
3857
5119
3726
9415
6420
18
1192
4303
1789
9419
194
3592
5374
5706
8832
9112
9737
8180
2144
2294
9857
8746
4541
2152
8583
8114
4088
241
6037
8678
6027
63
1442
7041
1170
9242
91
8880
144
3088
514
7453
6178
8261
141
3792
5259
4623
1958
4039
3988
9144
6339
1182
3816
980
4570
4720
9808
3034
5675
3555
6120
7303
8001
9114
8790
1958
1822
7660
5292
2499
8250
5530
2354
1702
3857
4615
7785
4149
446
3673
2375
5577
2480
116
4644
6090
8847
5023
2230
4286
2931
7606
982
7140
7194
1383
3719
1207
6219
7200
8871
1734
6772
5118
9197
2968
5844
7146
8758
8708
3790
420
1045
6918
2708
9370
6317
3221
9316
8954
4437
1001
7225
7100
7457
7441
5048
4307
7104
1835
9661
9482
7598
7844
9002
2212
4847
6470
3828
1333
9966
8506
8706
3109
5320
4346
2875
4699
4401
1665
4739
1422
9018
1366
7449
2159
1076
9226
6888
1228
8734
251
8848
2086
7614
6009
7033
1738
7525
8541
7372
7844
6268
4353
2005
6344
5279
6978
6929
7171
3371
4474
264
6904
9408
5202
5744
4013
605
2091
8198
6492
5051
8117
7441
8734
3953
7809
2268
5866
7643
4489
5720
2964
318
3719
2196
8249
323
3386
6179
1839
2999
5884
3217
2322
4484
3048
3944
5794
6406
5233
2189
2832
2134
1845
8026
3280
4740
5112
5056
657
363
7845
4564
2352
1822
8374
6619
3027
642
1805
7563
7866
3952
6019
2743
1112
8225
2885
7103
9272
1629
5638
8602
5348
4760
9750
8409
6935
1795
4666
2673
8378
6916
5517
9100
2788
8714
6796
8213
8147
200
7079
9927
5712
659
1867
809
3816
1811
84
4144
557
5196
6215
2729
2979
5039
3397
8761
5423
8538
6419
6795
34
127
3374
7773
8061
3932
7220
6063
933
7423
7109
9170
6846
4333
3776
5281
7964
8903
402
8423
5500
6800
5808
5797
3754
9831
6461
390
9381
5380
5375
393
1686
3178
3140
5009
5670
3985
6265
4501
8021
1078
3459
7064
7679
8792
4574
2348
9089
2408
4442
7184
5698
8293
7261
7339
4821
427
2379
7132
8196
527
2586
1287
6512
7985
7018
2886
5915
8661
2937
1650
7742
5718
1340
6117
495
913
8673
4806
9139
3619
5161
6327
682
5191
1018
8918
3552
5623
8698
2007
3576
6374
2384
8643
1484
5982
9980
9079
9784
8868
5359
2755
4557
3149
1052
2565
9674
228
277
6970
2493
4595
4954
3257
4352
1874
2180
3492
5319
3400
903
9203
8318
3332
8749
9079
728
6656
3431
7264
8538
2794
8295
9300
1823
8055
688
133
317
4093
6038
8981
7501
5620
1322
1393
5712
3250
5925
9775
7621
7753
4958
1453
1152
3591
9805
1008
9022
5760
2887
5694
5612
2211
3532
6688
253
8687
3812
1792
6626
6600
4112
6914
3725
4147
3876
874
9383
115
3562
4947
1016
3319
1081
1664
5980
6889
3213
6825
5515
9532
7975
1051
5626
2378
8220
3940
2022
4561
9475
6881
3640
225
5904
1343
5786
1515
1813
5522
1231
5568
7888
1421
986
6909
2599
8184
1646
9063
9687
7919
7579
4816
916
7524
3137
6685
3362
5595
2308
25
8842
6230
1544
3107
432
1701
2784
7513
2601
9637
4727
4183
7409
4777
5543
9543
5074
8913
4208
8013
7416
8350
5001
8950
5561
5878
2011
422
5802
5763
8373
6596
4276
1690
512
2716
1517
51
8906
2712
1259
6461
7944
4930
7050
7523
3901
8226
6054
807
4480
9607
4604
2289
5139
4637
6803
5036
902
9171
5648
6949
5139
7646
7742
4618
2587
3254
4883
5107
3269
3236
855
8375
7520
9567
6904
5782
6278
4441
3216
9174
8873
4785
4800
8373
163
8078
3117
2594
4878
9150
9200
1984
4650
2802
3427
6064
693
7695
6063
4850
1757
1418
3466
6864
6090
4904
8277
3695
4784
8872
412
5067
8216
8359
222
9574
9046
1415
5012
7028
9501
2996
838
7198
5688
6332
5216
4970
5387
6257
7531
1163
2814
8885
2480
2451
3026
5002
623
1689
20
4604
6709
9761
9880
4421
707
5391
8808
6420
3907
8015
1889
3985
6766
332
903
2665
145
7123
4264
7753
3813
6699
7812
2018
9828
9820
3125
8065
4816
2338
9585
9249
504
6387
9765
9926
7004
6989
5092
7072
2327
1021
9750
6497
9604
774
4116
3188
4944
3062
3704
899
3111
8366
3610
9708
6451
9255
1421
681
5430
7507
7826
8386
9456
5951
299
2056
3203
7227
4711
6231
8172
956
1046
1280
3892
1687
539
8169
9388
8642
6791
6731
5966
208
6045
3488
392
2448
4073
9470
3948
267
7490
7803
3610
4144
2758
4693
8246
1879
8462
1062
1245
8327
4351
3434
9738
5419
9048
6565
8255
8048
50
7469
5031
5740
5609
2792
2592
8147
6306
892
2861
5380
7102
6232
8929
2547
4787
2331
7375
2091
1314
4440
5622
3514
8876
1419
4546
9040
7382
8116
2805
4077
7172
3525
8221
5087
5002
4355
7734
1357
86
6702
7879
4555
2114
1350
9426
2386
1293
5796
2668
9923
6530
3225
7924
3553
1545
4318
3960
9376
5618
4144
3579
1814
4393
4383
8395
7924
4284
5786
6311
4137
9664
2162
2901
4875
2729
9105
1592
8219
7841
6349
9864
8652
8088
2646
611
3384
1171
129
2649
5608
8232
7127
4589
1317
7326
8567
2895
5816
7898
588
8094
3602
4268
7058
7570
97
9025
4420
8240
3225
2826
4306
5214
1682
3394
8362
3758
6907
4949
1358
527
8531
660
7205
9654
8312
8494
4648
4883
2119
2945
5586
600
5174
5846
8668
6780
6073
8276
635
6533
3480
9444
1439
8636
8929
6058
9106
7394
8855
9355
4355
4487
8318
1746
5445
7427
2938
101
8640
9269
9516
1213
6970
1536
3025
6651
6586
9102
9982
4175
7746
5428
5732
4683
8032
6876
4516
7196
2665
6906
6471
7137
3370
3678
837
2573
4179
1391
3799
3727
7017
7600
6884
8682
7935
835
5773
7414
8553
7988
862
7182
1958
2712
5913
4331
9937
1100
7480
8694
2316
3474
2007
3988
5392
7454
1395
6466
3276
183
2780
3497
1536
1183
7435
1619
3982
1261
8439
9012
6389
8378
418
4188
7683
8750
8451
1489
8526
7319
3656
5666
8358
7576
5027
4143
4433
3364
7173
5629
3227
3958
3395
4414
4273
7776
8076
2853
8882
1305
8828
8239
6570
539
9609
9318
9220
7122
6319
5688
6178
3001
2466
6557
3875
5749
5527
4718
5641
7805
727
6938
2541
2840
8026
3098
7160
4606
5460
7340
6536
1123
39
2613
8084
7557
3741
264
4629
1023
8232
3501
2651
173
415
8787
7360
3144
511
2622
3332
2115
2997
8020
2893
475
1388
5706
9857
501
1359
5204
8907
4536
9300
7522
463
1811
9690
5886
5763
209
4825
8122
1699
4705
2078
7312
376
5674
4088
6554
9918
3108
9274
6264
4807
1545
3013
4472
2248
3409
6616
7721
8087
1236
7519
384
6391
6049
6110
8404
9673
998
5504
2205
2232
7488
9673
3455
6807
7962
8317
5230
3090
3754
7378
4338
5688
1566
7729
2386
681
1485
9020
9830
8905
6002
5972
7421
7192
4395
8579
501
1459
5863
3449
4129
7700
8278
7421
9358
4314
7234
6633
694
8622
8179
1499
9582
2971
8071
5020
7428
6944
9703
5159
5592
7548
14
5600
6356
7357
6061
5045
2431
7678
9746
1294
2243
2036
5903
853
3511
6429
4894
6266
559
5884
4921
127
4504
6924
287
1106
3992
5576
6378
4308
7467
9788
9862
1549
3489
1140
6291
1490
4971
8485
5955
6732
8766
6532
2887
2654
2854
2394
1227
8636
2628
6282
170
7770
203
7496
2099
5312
1180
9455
1442
4544
3131
8870
9843
8569
9665
2775
6362
2596
3336
1157
6069
672
1662
5840
2922
5348
8793
4000
9652
8745
9393
7106
2784
8058
6308
1883
3503
913
9084
9935
5707
70
9635
294
900
8943
8591
4051
6348
4407
4097
6121
7557
2485
4415
9636
9108
4162
3290
9208
470
9854
5731
5601
3753
1560
319
3440
750
5809
1250
8102
9985
6996
3344
3430
946
8443
1351
2932
1414
1049
9537
6942
9166
5239
3774
2460
2209
6614
2535
5488
4157
3496
7413
9396
2976
2179
4280
5651
6876
7548
2188
2334
4256
3972
9102
1109
3852
1305
2453
4934
2628
6260
6789
8351
9309
4242
1750
2739
6157
1577
1625
5476
9556
8418
5651
3365
4256
9317
7210
3104
1734
6542
5637
9684
5877
7762
5049
6844
9691
4981
9238
9205
6018
7924
1689
2824
5053
7458
8291
6471
4388
5770
3183
1390
808
3928
8681
1232
71
4843
7699
9284
8888
9859
5305
7348
5002
3547
5853
1801
9998
6620
8357
61
9677
6598
1881
7782
7755
6532
7265
82
8962
5251
6980
7197
4580
3110
324
771
1968
9489
2125
2187
3773
9560
5301
6874
5532
2043
4293
3176
2527
3913
4671
5930
5455
6214
1120
6052
3763
9554
9597
2418
6868
6224
7139
1402
500
4088
175
2793
9927
7810
8581
1472
9538
2679
1268
354
9495
5006
6670
9475
3722
4023
9918
1992
6005
416
2827
6830
944
2810
5122
1441
2628
2623
9417
6659
2022
6570
9830
7518
8984
6923
70
8719
5218
2798
7570
9352
2487
7423
5748
8169
7052
6884
4752
3874
3707
3903
7414
1793
2046
487
2413
5468
6463
2042
6994
1764
3187
6441
4390
13
6702
4872
7870
4757
4298
1624
9771
3111
1736
3755
8339
6579
2689
2924
9600
3158
2238
6704
8989
7113
7530
5253
152
9119
4977
8461
9993
1527
6649
4816
9993
9492
8855
9124
8759
1981
885
7569
4924
1261
8615
7085
5014
6095
7652
1513
1723
3934
4488
7918
6780
8864
7935
2208
5537
2039
1991
3446
684
1627
420
5019
8397
7677
542
9980
654
5379
8288
7861
6208
5796
6734
5026
1755
8681
817
2088
3675
360
6775
631
2158
9749
1259
2757
1523
5853
1899
6703
773
4969
1280
5910
7710
9141
7151
715
9278
6916
6966
3313
6452
4042
8954
8662
5484
3052
1221
4102
5262
9726
8581
9941
7808
8257
4327
222
7451
7680
474
3364
9665
3167
3271
429
982
8953
2774
8862
1477
3083
292
2848
4930
4409
1736
7173
2486
7748
284
590
8912
3821
6704
6628
8718
1986
1889
3369
2979
9979
9953
627
6700
4809
7448
4956
3667
7699
5631
577
9565
1221
6981
9741
6696
8542
6642
6570
6116
2926
3681
572
987
4865
338
9473
7204
8803
7125
5313
121
7770
5210
8406
8945
8018
1165
6720
7169
6656
950
2624
1379
5485
5926
454
2609
981
134
4930
7524
1749
8081
7772
301
8918
3401
504
5293
6625
8798
7762
3865
1512
4355
2057
3789
8054
2402
8243
4906
9260
39
9078
547
3344
5810
1526
6234
8730
2270
4440
1888
6037
9287
58
8097
8328
9551
5124
9127
7527
3481
3224
6429
2627
1094
7225
2621
6370
8916
3619
3532
5554
3039
3072
1385
2536
1718
9881
8861
7401
2760
5481
4965
571
783
2370
5924
8003
7154
5299
5436
3170
5489
4431
1059
7381
8945
1474
122
2001
8895
875
9362
6592
4344
7849
1440
5988
9230
4028
456
3742
2398
2929
7039
2466
8151
5905
7936
9906
5181
7614
8152
5373
6227
5380
7558
1787
9918
9680
1139
7119
94
4279
4552
865
6175
3550
7718
9885
9157
4073
6839
1909
6318
843
6233
2983
3881
2546
963
7603
5403
2516
745
1780
8666
7697
4659
3794
1403
2686
1266
2345
3997
979
4843
7040
6704
7083
1365
9586
7063
8990
9268
5305
2626
324
8288
6165
4545
144
4409
96
938
4767
5033
7492
9347
516
3188
132
3874
2425
1365
4202
9529
7580
7046
8731
8087
4203
3465
2460
4242
6342
1085
5688
6504
4808
2993
8024
1884
345
2636
9239
4725
1564
5734
1784
5513
8376
9847
3294
6801
2061
6742
1519
3422
3757
7157
7452
6353
4427
1872
3033
895
205
7693
7020
3339
5826
1669
3629
7189
1721
9770
7378
6248
9046
8778
1741
7065
5337
7064
6683
9971
8133
2961
4915
4855
9457
6452
7488
3080
2871
9268
3300
3356
3311
896
7539
4614
3503
9435
960
5017
2746
6974
1278
9951
3754
769
974
3647
1715
1697
7193
1123
3134
7268
8755
4865
86
7264
20
4217
1275
4034
8042
2693
4680
1043
1847
7303
8331
5806
2667
6675
4681
8628
871
3653
6132
7753
8904
9253
9731
4416
9731
2655
4675
9337
2666
839
7031
6740
1730
8113
3122
6806
4374
3701
6069
2705
2293
5193
7809
2777
4733
1152
4291
2745
6985
6088
6271
6876
6885
5626
4483
1568
6213
3810
2257
9405
1876
7798
6176
1228
919
682
9016
1852
3589
697
7425
1814
377
1832
7886
1385
5599
6636
3635
4744
3904
7955
9816
6423
4900
7752
1137
7597
6634
1816
7108
9500
5230
2745
2702
6757
6334
6017
7787
6719
1826
8284
1287
2559
959
2703
8446
7370
5039
1490
7125
4653
7256
8450
699
3334
5214
8972
1080
6436
7440
6748
5032
8274
5667
5933
8459
7434
677
8851
2565
9405
4793
5275
5253
5863
4739
9964
2652
855
1608
5695
2821
4965
3085
8145
5923
3685
9185
6433
4292
736
8065
6284
5032
826
271
7901
9157
2775
8711
6922
9762
1216
4023
7233
1494
3034
5425
1818
1157
3373
8071
4446
8287
6378
7787
8156
9757
2415
8329
8851
6097
6301
7738
2291
9185
9426
8191
1542
5063
9176
2752
6964
5728
2436
3655
7579
8935
2884
2341
1749
8533
3369
5415
4107
7984
1499
45
2959
1861
7777
5953
159
7419
4488
2215
5549
9102
6388
1775
1827
4349
3962
59
7068
73
1111
8630
1909
4370
6594
2314
4153
1735
3636
5653
323
4274
3713
7281
6790
3062
1511
3749
5329
7663
1564
2532
7718
6476
4332
41
1505
9827
7352
3957
9837
5609
1795
5295
7226
8821
9823
7006
3602
8904
5357
6044
1186
7267
4026
8689
45
4125
6445
8130
6676
2855
4277
4637
5082
9271
4008
6444
1628
2917
8638
1323
1109
7790
8373
9774
4390
3898
5271
9515
6732
324
3247
3864
7971
8270
368
9146
8321
6630
4286
8003
4229
5473
6847
3742
485
7402
9490
9777
5343
1008
6761
1223
7566
9810
7785
512
1830
6927
3302
2782
1411
5126
3653
1782
6467
5727
1090
5112
3340
8732
2728
7572
8335
1416
7815
8739
691
5010
3656
6550
2998
5694
1444
1686
3574
6273
5931
2352
6118
2431
2201
3620
8659
9211
4588
6353
4925
3826
5641
3287
8283
2220
6389
2466
8095
2312
7496
9448
8160
8571
8323
3110
5790
4413
4139
3844
2440
9000
2727
4667
3809
4390
139
4071
8072
7151
4240
5366
5310
7235
5795
6675
7706
2434
8834
889
1216
3086
2462
1096
6616
7137
1970
7214
8147
5656
2362
813
5824
1267
8392
4668
2851
17
2185
8276
6942
7069
8716
8432
354
2159
2987
2456
9285
5961
9370
9043
6991
1204
7925
945
5496
991
1168
3001
6768
3931
8174
3821
1353
542
3483
303
7145
6314
4429
9495
1121
4098
9086
763
5539
7169
6317
98
841
9438
4571
9694
3272
1320
5386
4717
6298
2561
3240
6484
6514
2899
306
240
3793
4372
7324
5505
1487
2751
5989
4396
4046
9513
2240
1268
8912
2116
3974
3037
6608
7756
927
2294
3990
1460
9944
1529
5243
3861
5351
8778
1316
1898
5714
7233
5363
994
7606
7853
6960
4699
6236
1150
5743
2095
6591
8294
3923
9654
721
6004
2439
5393
1283
5430
9733
9206
1931
6050
4055
3477
9401
6328
9922
8765
3019
14
4075
1204
1911
9408
9545
6762
8143
9387
3649
7872
4166
6046
1864
5651
6922
4165
2827
4311
643
6122
6978
9417
8336
786
8938
7389
3353
9816
3146
6041
5367
4641
8517
4261
8633
1845
8101
9576
8617
2062
7872
9384
9427
1479
5580
8565
3757
1546
5222
2282
4810
4271
1320
9241
2066
7494
4033
1099
2837
3593
3238
2649
7893
2856
7133
3042
7945
7464
4753
3793
4006
9186
2857
7922
6368
8093
5467
4201
9031
337
3350
6839
8406
8544
2197
9139
1949
7898
358
1113
8359
2020
3698
4377
126
7805
5583
5110
7699
5318
8296
8354
6370
9956
1734
4219
2218
3037
4992
9292
2691
3124
3221
4234
6657
1882
7826
4017
4221
